0.6938347859851314,0.5670874914919436,0
0.6710403407473958,0.5940307602785159,0
0.17901777695436474,0.1318565747190015,0
0.0750639831565936,0.06410590092627538,0
0.5755010894684786,0.5099518196148609,0
0.6569518514174147,0.41549628839757946,0
0.7100186818221343,0.4672881272702164,0
0.3978290300066742,0.2615519382597088,0
0.9540322097220013,0.7633368842242201,0
0.1346338661356559,0.20529970973743716,0
0.8348144320167994,0.6514478708639759,0
0.38751327169822974,0.344702808987857,0
0.655978575571505,0.40189289754092034,0
0.42344004704191196,0.29472709152063253,0
0.15232359441959248,0.23816907527957307,0
0.9402666046487107,0.5621540795147336,0
0.9196215850358835,0.6494548920172442,0
0.7422624547368812,0.6332283236753975,0
0.3936509451378875,0.3561242421323991,0
0.5355469483211472,0.35556829959145403,0
0.35185100407601916,0.3687887440722836,0
0.04800138527259105,0.08043024915062731,0
0.014171669451431746,0.17538430599802934,0
0.794789099231479,0.6641853767449449,0
0.5077417802036714,0.3117119429520499,0
0.23570777968503617,0.20826769589808677,0
0.8052941555773382,0.5702954145386439,0
0.004410563390037241,0.15160740951730256,0
0.8793853577938324,0.5806071355107436,0
0.7381345383644017,0.6046221204461774,0
0.6614908058126018,0.38447559815782817,0
0.32939861358819955,0.2182194343062214,0
0.0493755046743548,0.09469344048710124,0
0.262062386684838,0.26345394546600553,0
0.8058101302851233,0.6499803030407475,0
0.5647843864253668,0.3710512291255962,0
0.677195710549098,0.41411603654686957,0
0.9170699933046363,0.6585604332994364,0
0.8154060297269644,0.5874213291761035,0
0.22126612876639187,0.3064523755553033,0
0.6485364947990964,0.5309224652091495,0
0.4069929228725847,0.28955374340232837,0
0.20832848696230705,0.2920602035790896,0
0.6322899105800385,0.5239889093317291,0
0.5977589028385646,0.5387169623922944,0
0.01044527826899504,0.0,0
0.31252288924611304,0.22573747037570058,0
0.01986935008612928,0.07395756349781712,0
0.19201016077419314,0.2877473271259309,0
0.452604240150406,0.32652868446981614,0
0.9272158739119052,0.7341748497181513,0
0.5517212412538828,0.3640381524706282,0
0.7421140662980719,0.5083979988612005,0
0.9341679880933025,0.7532480080119452,0
0.007020528767695171,0.06430907213682839,0
0.34731670625029737,0.2459368050428001,0
0.3782591702348119,0.3185803967441489,0
0.886030984199307,0.5626751540544523,0
0.4549048783796228,0.4002854913161589,0
0.4980625827612601,0.3985034618243259,0
0.9638877102578521,0.616169328394962,0
0.9469140813381871,0.5895209401177581,0
0.35484998347044494,0.31275069686362433,0
0.16928311811372,0.25227124358977965,0
0.3188184563077379,0.35685181961510226,0
0.5649400810676897,0.3713636821052037,0
0.4381491184431817,0.33229150271508284,0
0.08515584379748002,0.21586813466820112,0
0.156476232064983,0.10809866818528363,0
0.19293624120402,0.18976293158622998,0
0.2232298864308288,0.1819812720090894,0
0.5755549825783303,0.38194293491341075,0
0.6932939191577122,0.4110071922640313,0
0.03623777551639243,0.16830019425433276,0
0.34118635150026955,0.20387384324764782,0
0.8038106313646368,0.6133438480402156,0
0.10708470413141603,0.0497599949097641,0
0.2696528145664475,0.33923284143835225,0
0.633204632289834,0.4924281576938638,0
0.5221606948758003,0.4626569737223009,0
0.5663420915728453,0.3861657592355463,0
0.6428015050010618,0.42091093866563783,0
0.8199665906991369,0.5186751059405893,0
0.1355903851875807,0.09488731267654964,0
0.8936105216177641,0.7005458015431187,0
0.7148834185688403,0.4567483562067205,0
0.10281700989590717,0.18764197546292116,0
0.35131217780905816,0.21892911020041472,0
0.34658425155456635,0.25720994053221846,0
0.61721411314613,0.3674159224836068,0
0.7856735710427698,0.5859410639134826,0
0.6069353475898615,0.3545675333181415,0
0.23185211747331352,0.27476810457484746,0
0.47440017285689967,0.3889943038813874,0
0.14063617889234964,0.25733847580356556,0
0.5436364719353136,0.4560619142969467,0
0.7211264721797637,0.5565040712816662,0
0.8286112870130653,0.6665840371253833,0
0.6699827043839436,0.5173335270695089,0
0.7908056411012894,0.6610649374048128,0
0.15411058133905223,0.15436804339364257,0
0.8678229664352948,0.7045901334120657,0
0.41733286188358887,0.3141092075208188,0
0.398163741419851,0.40543151102823755,0
0.24358380212635633,0.22081076811646827,0
0.7772583406601604,0.5274612393833599,0
0.5220805475017049,0.3477565007139455,0
0.7421220092233717,0.49769460772090257,0
0.46012334266965266,0.38316698369307667,0
0.7371103272910988,0.5359663508158037,0
0.8611531839238107,0.7148821711780236,0
0.6550066516525863,0.580886945555906,0
0.5451366767112119,0.48850867014794686,0
0.9881816001376825,0.7965644214450911,0
0.798224552756245,0.49477400566044616,0
0.6902116728162057,0.4561830999291681,0
0.3424103880794381,0.3113226657966631,0
0.9158339576868775,0.6031639212849809,0
0.01875251778543389,0.1048776686518561,0
0.4026313816887456,0.4045079615371722,0
0.5537082040365042,0.5190032652272153,0
0.7286723945140638,0.61983074511116,0
0.023129813674903563,0.019056052890289284,0
0.01072292325459478,0.09022992765327993,0
0.2060111008054287,0.22385053298677188,0
0.364667421344325,0.2023505964617071,0
0.5829026574786503,0.3597027785980717,0
0.06804691133448167,0.10595659701394106,0
0.80612729884398,0.48701372210431865,0
0.6257449963572596,0.42919087795223815,0
0.27326766208166253,0.33505059885453403,0
0.26937175488119347,0.2342397378737904,0
0.04989011449090383,0.18976067205422031,0
0.43954428404225354,0.3401669701694097,0
0.4320479864093707,0.40155629033096,0
0.9714763853113807,0.6618284291559796,0
0.9971358233256451,0.6766077122435349,0
0.23654405423415825,0.2331262318066741,0
0.5382626946491103,0.4418670533579254,0
0.20830284604395308,0.23382913217101506,0
0.08117892880415369,0.03468173855860162,0
0.543468582591026,0.3345051285733597,0
0.7987939687312752,0.6639039023252514,0
0.8076551655502884,0.6590873665321626,0
0.2511932587854393,0.2922444776892899,0
0.17489123771173984,0.24354113631730043,0
0.20221336488387745,0.2645875142271657,0
0.04956480245436405,0.07388982018183646,0
0.3458599952103688,0.35370987802263015,0
0.19106823491310063,0.2110232355888878,0
0.7275627554865182,0.5260184976501018,0
0.1355701474971866,0.08530017818587633,0
0.984671996141884,0.7593934216139001,0
0.30432553374740234,0.21875596157697869,0
0.8744192018905363,0.5637444240487081,0
0.5552428551442505,0.38324099911756093,0
0.7326378917309975,0.5876134268285933,0
0.09422310937205981,0.12432007748022861,0
0.14323936121081082,0.2555719137584647,0
0.16969827970640655,0.2822199331409219,0
0.10866463839093675,0.1163489722911089,0
0.47659959400152074,0.3182140265498942,0
0.9820831149437755,0.7178681077205091,0
0.24340426020211434,0.320793951598459,0
0.6020710887579246,0.45153493287448526,0
0.5769746302442474,0.4092438585539115,0
0.4724154286557631,0.45073422507853605,0
0.6830902458863075,0.43266628969481724,0
0.6083976793126478,0.3666614810296594,0
0.5380689304879847,0.35608580762348135,0
0.7968268559891971,0.6696706340564085,0
0.25732443672849675,0.3012515175938073,0
0.9021233555299596,0.6758599930773024,0
0.7626945977655246,0.6099641043531825,0
0.07231227755568775,0.14874593146642537,0
0.38827623421230645,0.23321331882593035,0
0.25717978058891017,0.16570569338366872,0
0.20944116020278095,0.19390489053279839,0
0.20034166576980575,0.1487761865648797,0
0.6956250975035537,0.5220865567134177,0
0.9050509930934958,0.6432998095341244,0
0.004760791859330107,0.027560477357271306,0
0.19390571044605762,0.11108257108901656,0
0.5256192808319586,0.42054282917322416,0
0.3063570207768893,0.18482622135485716,0
0.4638059732449971,0.34890422685277955,0
0.5477847432026213,0.43006825344936944,0
0.9021699889935735,0.7374747758179993,0
0.4137382210055359,0.27681701112850904,0
0.10093315831605364,0.23544945282036137,0
0.6393309343770678,0.4885865273630781,0
0.1825816151069663,0.12771472400081413,0
0.49006026811180986,0.3653045072237593,0
0.007587914417173817,0.0035451211916648585,0
0.5584725427519542,0.41854504864264813,0
0.24961824873697389,0.15034502514148468,0
0.023809903014057682,0.028990371063336833,0
0.3383469138502001,0.23267678164879627,0
0.1020711505487177,0.2263829276853564,0
0.5947602040443547,0.5252695509693659,0
0.4189506794729817,0.3026606711229913,0
0.6687910147157098,0.5772916909129606,0
0.6029395762938164,0.34751695978602004,0
0.6528486166289086,0.40558621940437345,0
0.3573568144468387,0.2826904618415329,0
0.4164719533990834,0.3916694905757205,0
0.3972041553577288,0.27857404447956097,0
0.790093340744951,0.5595966360436384,0
0.31106979596742745,0.35482920996792094,0
0.4606858410952952,0.4136313878780404,0
0.9441635745424544,0.7528752637649636,0
0.49847654509370315,0.47813806810785736,0
0.47948024846221826,0.3568678805221172,0
0.8592271154522543,0.5843662504951994,0
0.11223238106139749,0.14934123182488027,0
0.5891064928603187,0.46494355696858686,0
0.3886479170493387,0.3885497432471287,0
0.9981280340650144,0.6522357085049559,0
0.4201647591798742,0.4199154856644562,0
0.6099780407354732,0.46168312877193124,0
0.8968753759740353,0.6053537683275477,0
0.03987939427868766,0.12547453638588324,0
0.7381518926575849,0.5737336797480646,0
0.8120150555597191,0.618114257371171,0
0.20512159744469935,0.14036159974205953,0
0.0,0.042502726587619874,0
0.3814054169914202,0.22703011324360137,0
0.7308957147907968,0.5981382802606678,0
0.7504383682607031,0.4670740070729874,0
0.8245020512807288,0.615996516015759,0
0.06825596755579182,0.2021557886757838,0
0.10783906407096823,0.12154642109080031,0
0.26784688648315635,0.2317243169036394,0
0.6351620699148822,0.557638959706246,0
0.6762441215692646,0.5994743572475592,0
0.6172054709617697,0.4150931460641538,0
0.19087872670015085,0.22272552573580814,0
0.23155876622786922,0.276555184626795,0
0.738846283789441,0.47288086138971686,0
0.24318321658784683,0.25684323881153953,0
0.6731503049894544,0.43067954125173297,0
0.3963993535453878,0.31008361063592765,0
0.8133502158148311,0.6057482635903509,0
0.7983432288375464,0.536432222116915,0
0.8174117227374321,0.6330344893733569,0
0.8123876138960475,0.6406284891860854,0
0.5357725152076579,0.4074796909505887,0
0.9100326286088555,0.6215875549065514,0
0.2983670498165449,0.32678434142744717,0
0.6319085124828948,0.3785769626627291,0
0.812602382549289,0.6717530460387229,0
0.7967229526477605,0.6180971959388516,0
0.9835277078795047,0.769747061690125,0
0.5430734874039845,0.5089844275466493,0
0.7080020162682287,0.5790505350909994,0
0.47210332150754647,0.45299890795379333,0
0.8177278738897895,0.6053967144115945,0
0.7084281065624646,0.5188943183601055,0
0.2874127075435889,0.29973336749157253,0
0.20520270876793126,0.1535909543844676,0
0.3481718410544974,0.1879383766856518,0
0.6933349737351999,0.558324240987122,0
0.5384301014319394,0.4087576537863109,0
0.00832009051892527,0.16874819517864098,0
0.1417054895771123,0.08458630904892506,0
0.101067226814687,0.0856972243271715,0
0.6058792151266138,0.37816414917998414,0
0.9081131911450986,0.5658043911631858,0
0.9262052322215059,0.6742914531061661,0
0.7508961828775064,0.5040571911652875,0
0.0027058147955703387,0.07365701523001324,0
0.13364185502716378,0.25881353831233767,0
0.2898305583738996,0.20259695895052024,0
0.23374307465135297,0.1203677656606141,0
0.6995777054475428,0.4822228314529644,0
0.5664392106069962,0.3728692786085771,0
0.9457439561337048,0.6760149244098691,0
0.061335679508947555,0.04386452695161321,0
0.955864080641556,0.673831943149538,0
0.24972535816897196,0.14480841495979088,0
0.6752844176666826,0.5271267406466369,0
0.06716898896302967,0.20354355480799613,0
0.41283422397506153,0.2706918789030648,0
0.08662161016308649,0.1454422026832567,0
0.5130540129167566,0.30897761948244556,0
0.27644689206461165,0.2444719551042091,0
0.2794724986142507,0.21997564049428497,0
0.688505668365228,0.4396167003065993,0
0.6106101069121088,0.3609146695188377,0
0.8969473280458029,0.7339578706873916,0
0.6075088657105355,0.4718718207707854,0
0.5481615252118741,0.4866760110346528,0
0.7312468297154312,0.6042206080247857,0
0.4665059671245816,0.30498263054429053,0
0.8028767707238909,0.6001169279267445,0
0.8043567935926695,0.6624306916030562,0
0.8678428742881614,0.5541271559703836,0
0.0655791279242063,0.2011790575043451,0
0.5234098294820614,0.47154953361378904,0
0.8757499090434471,0.5301051927496978,0
0.6265288909578123,0.5836814050793685,1
0.6092529514152643,0.6819514540935724,1
0.07441646115265182,0.26550896884807645,1
0.8168815010052037,0.8956758294269483,1
0.1826696711661604,0.4696618326960486,1
0.6140044469054406,0.7071139598105133,1
0.6619773165216704,0.6330883957548166,1
0.16943775681748052,0.3332493524198606,1
0.1264048756489695,0.3842474224614807,1
0.4001069057944103,0.4543443422134758,1
0.785117043234769,0.8284508961676035,1
0.495351828398436,0.6478626925178406,1
0.2446887685949072,0.3595038694272839,1
0.6158680799346127,0.652083176311452,1
0.9074327338657463,0.8012125902869284,1
0.5405136838643733,0.6630525562859966,1
0.02536273340364407,0.22166618861766202,1
0.35293017671687477,0.5204502569438717,1
0.8871799606704728,0.8727546926910683,1
0.8784301700396496,0.8083391495828731,1
0.9093429442151946,0.8518889148950494,1
0.23676525342862206,0.34289325207969235,1
0.23518811148099997,0.36074887856452875,1
0.7133598871375566,0.6926241474000897,1
0.6784044315865648,0.7156539506890519,1
0.5742119798548483,0.578317657159571,1
0.43901982421264474,0.5081640816145041,1
0.5475221551000962,0.6877953135393716,1
0.7657798448229961,0.7751382927033821,1
0.36326324797211074,0.5455594160962609,1
0.6274390847491013,0.7802957981644278,1
0.004297553615468274,0.23714047440528133,1
0.5249716593005886,0.6025994246153582,1
0.5887800741184164,0.5722329528321152,1
0.13497677854165346,0.4007206312700125,1
0.2164415366618833,0.5111719161050715,1
0.8546400972108511,0.7918131455826514,1
0.507669338433752,0.563725763300097,1
0.496405206071684,0.6272368790822952,1
0.46844342382367027,0.4740918568355644,1
0.7662264505570013,0.8491558755257128,1
0.37046385936505116,0.5705828186251324,1
0.4533329251256665,0.48058951182045284,1
0.3799261164281123,0.4421385832593435,1
0.9542817819584656,0.8782430249144645,1
0.40127764960707374,0.4640666595291187,1
0.8571943654608678,0.7233298418891553,1
0.30416610409661027,0.46648085018151736,1
0.07323695997125454,0.29495849233526794,1
0.050544066199278294,0.3072161183411273,1
0.0028539719706417105,0.26225048692381203,1
0.3093348187324704,0.5366395022997019,1
0.9862857600936118,0.8101075616682503,1
0.16695055074405116,0.47395804183433177,1
0.17332154983606077,0.3047732916695747,1
0.8327310890116669,0.8606117063496652,1
0.19473257252047854,0.37360144053014455,1
0.18291037404040314,0.36178510596271607,1
0.8632529392248282,0.8186758626969763,1
0.9491742621299869,0.884224806680672,1
0.8701787098830297,0.8431598551470414,1
0.3191003076685998,0.5781813321904549,1
0.1365225190312912,0.2783238165443073,1
0.1982611267127053,0.4326570803390876,1
0.9259208376613914,0.9521238179962467,1
0.9153443753640662,0.8805724596859713,1
0.3168090602244061,0.44690102427242195,1
0.9565369999182776,0.9340114335973264,1
0.8888414199464862,0.9417033343357862,1
0.002939997003341561,0.2601482468300004,1
0.8776135175661437,0.8327775836280867,1
0.17833641080115462,0.46442428662234553,1
0.867512038659222,0.7615187065438315,1
0.336783710479217,0.42461744145795255,1
0.7834926771818107,0.673762540276232,1
0.8335861171281075,0.7508460580252652,1
0.5909975247041713,0.6955033037010259,1
0.5013315731359407,0.6597274000115383,1
0.7248241531030019,0.7250244247190852,1
0.052624522711231705,0.396461602837082,1
0.9967910361261677,0.8319336968350544,1
0.8370544882822145,0.863011856686468,1
0.4615108677490701,0.5285562555155066,1
0.20887243664781613,0.44467224846046294,1
0.241669558477932,0.44026173508502836,1
0.2513960638732239,0.3780321750823171,1
0.44836344638461806,0.465954787640471,1
0.47760042527505586,0.5526578341602313,1
0.15681669159421707,0.4844185889175526,1
0.15574569335676194,0.4443541076604856,1
0.5943236313821022,0.6976633883382274,1
0.9282510684051188,0.9068693412901289,1
0.7819124509679972,0.827937448481869,1
0.3658468781455124,0.5547234046345385,1
0.6033888324141998,0.6607523690978052,1
0.46064638246747974,0.6705934370681286,1
0.723256864771804,0.7521902629254289,1
0.20481016270016245,0.42766886424124684,1
0.741274891312543,0.7392249302337168,1
0.43545974216196187,0.565037738545924,1
0.2166176916838575,0.40998363511103886,1
0.08948506765858485,0.34935616958049537,1
0.8609240328114335,0.8649676249131837,1
0.173954894684566,0.36499374502781656,1
0.2009703703096189,0.32680991294237965,1
0.5938453764157898,0.7135295069409153,1
0.4089303793899328,0.44341045685377684,1
0.6333819955561337,0.7295804432445029,1
0.9477921276618955,0.7763962844438316,1
0.8179869922096035,0.8710381246094635,1
0.19787510868671493,0.45220378042999015,1
0.13052837657253621,0.31654264394042325,1
0.5164744864328752,0.6168223528734729,1
0.4914487917402085,0.6601628125485522,1
0.8544533429104666,0.8209731052279451,1
0.812064953776483,0.7444791079129456,1
0.4852978882758888,0.592679838094875,1
0.4988534494540069,0.633590663261559,1
0.989358206687595,0.894972991802745,1
0.08743383590486459,0.32761222402496176,1
0.987434873014366,0.9601623686775242,1
0.3808688487502661,0.5071789259364319,1
0.707916689435225,0.6236023050141037,1
0.5463281305862221,0.6176193386063316,1
0.7501256415990328,0.7785731752986044,1
0.4061281785924286,0.5274801754860172,1
0.8093859680072705,0.8277608017098858,1
0.91430232443008,0.8795050041848217,1
0.5804754555843128,0.6072366440200805,1
0.8144896228071664,0.8509078055843963,1
0.6616805613164587,0.6915743527983965,1
0.8924556725140156,0.8136144162790665,1
0.6256205907775128,0.6891444117577995,1
0.7564705532190883,0.7226258088821206,1
0.9576717125370816,0.9300365518290887,1
0.001381507780984312,0.18018983591422968,1
0.8222169105980627,0.7344548660359519,1
0.5529584032833857,0.7314858162828222,1
0.4275926908465533,0.5804742132929633,1
0.40460779224504556,0.6317505897865668,1
0.4411166711897064,0.6159040322596403,1
0.5856476367768974,0.6467671826873267,1
0.10686254958899172,0.24979074310415061,1
0.5552492451874134,0.6509166127258609,1
0.4643192786591775,0.6266766980958478,1
0.1635222239366099,0.4061697103625756,1
0.9230265185653168,0.8391917387935316,1
0.42062359523787174,0.4479189519039137,1
0.33927153506234803,0.4290183231086566,1
0.6783852769194187,0.7135647799528647,1
0.8814780969687834,0.8096048293102885,1
0.3631550138328594,0.5389088625286111,1
0.6099135307185883,0.567692739613194,1
0.9886880299243459,0.8921678292040148,1
0.362587014282148,0.4908203823949186,1
0.5845867384884886,0.5807006910443948,1
0.5148389831468618,0.6356850380867255,1
0.6776462107705712,0.7717291325804355,1
0.5409489490729043,0.587391681525053,1
0.19325941164198582,0.4775445196121462,1
0.2683770735514286,0.4462629464239545,1
0.520553770731897,0.6290678831395329,1
0.34545093565516766,0.4735774813222293,1
0.3981340114689209,0.498011499042366,1
0.5574043530878673,0.5646601538005065,1
0.3230661365810872,0.5202860454850153,1
0.6355821007938723,0.6669643779447333,1
0.7542190079762164,0.6748059074386606,1
0.0767104868547516,0.34764578385390477,1
0.5321221014588732,0.5542359211048941,1
0.3172343008484412,0.5852072110561051,1
0.48153861601060755,0.5172322990699701,1
0.3000431895327777,0.5622322991458251,1
0.7891847795342944,0.7246545294105191,1
0.5214861840833681,0.5862712035480233,1
0.2458329490934903,0.33863888920960467,1
0.25151320623530177,0.47706913328970485,1
0.9584685610857392,0.9213645893780945,1
0.6611590413464457,0.6567109974122919,1
0.9485592227624571,0.8979335695380075,1
0.6185019526954435,0.6809382415610109,1
0.1519633460201678,0.44427252604408196,1
0.9408584774301209,0.7843759093816562,1
0.9466744603140694,0.7796050816939162,1
0.18556760430893304,0.35267186741708995,1
0.47064548209203316,0.5627255124250672,1
0.5598232419049233,0.6387126532809968,1
0.8403466226777356,0.7599872748250178,1
0.30049425567114896,0.5540162938820838,1
0.10107653595634823,0.2831851262460649,1
0.44904424999567966,0.6601473684898141,1
0.9195190005401331,0.914938034951541,1
0.6110047265648698,0.6725659733831535,1
0.12521062416210396,0.45170572905849965,1
0.3445241762656831,0.5981123848198938,1
0.3675727211251074,0.5337763178216088,1
0.9243821294276076,0.9632669651233902,1
0.8876180533636994,0.8969948035398496,1
0.711529868015245,0.7127007415555152,1
0.4717410061359385,0.6465260734347031,1
0.6696899269703331,0.6268330910461439,1
0.3464844488711706,0.4536165059200599,1
0.6898618430978554,0.6958501854765352,1
0.85619377852793,0.7528520064926699,1
0.4845176858335631,0.594346285238166,1
0.9272545235368912,0.9098476054630527,1
0.47128124718913655,0.48390911482695775,1
0.41067652266656013,0.4683423072301638,1
0.6397735034119386,0.642839910764187,1
0.11732239900642603,0.3060406199343347,1
0.645854393568023,0.5837502786696791,1
0.39317622479077013,0.6027020867053253,1
0.4220476170432033,0.601015145934497,1
0.7287383475893653,0.63636963627078,1
0.7106121182945933,0.6964892661082365,1
0.749443475649975,0.7248362280515558,1
0.08467146422594327,0.4166554465381249,1
0.523318255005148,0.6473298809667367,1
0.015322633936246208,0.27011915308388296,1
0.06802365127869586,0.24855466979751706,1
0.302541073487922,0.4987812000892406,1
0.3656392615488675,0.5286324643648247,1
0.6026678798447695,0.7382168010417435,1
0.11831048206058684,0.2856791492420508,1
0.47679217511391964,0.5192331028470747,1
0.7852431394953113,0.6710309436958447,1
0.7499765224326876,0.7959493535917821,1
0.04393364164655297,0.37460172561084204,1
0.3101333515983132,0.47893910025086184,1
0.21874499259956123,0.37828129719499504,1
0.058224029849814216,0.2730177829364838,1
0.5052406280052658,0.6961566646070887,1
0.29199961596309426,0.4398269431326309,1
0.37650898436062,0.48877431502108604,1
0.7098734755184631,0.6779038848709328,1
0.40964831969448967,0.579040183241524,1
0.5509966471863788,0.690511101506698,1
0.12945901117215947,0.40547997212442555,1
0.23772971435381884,0.395325171296103,1
0.4593240488761884,0.4775123843381017,1
0.1877468279349837,0.4880005190140038,1
0.8039125989963936,0.832778465174264,1
0.83126542215501,0.73709202248519,1
0.5492625971844246,0.5829690698530561,1
0.5956043127812729,0.7345629542299773,1
0.1309252541521785,0.38246105935802727,1
0.00597444294432644,0.20848480321723556,1
0.8975407542147535,0.8385298311217128,1
0.45801437798966255,0.556085015866122,1
0.16374096718678494,0.46391535554610436,1
0.05767696707330571,0.42328329820137317,1
0.4558244203756418,0.6650064967815859,1
0.7974969310250242,0.8630429981646438,1
0.7842077654559687,0.8473358718158172,1
0.26903474252481013,0.4700152817890611,1
0.6489444865965284,0.7018396062987657,1
0.6108467129340729,0.5816321592553914,1
0.768340934185073,0.8543237493789219,1
0.6849134459463507,0.654228047203643,1
0.3519101091309974,0.4578313492271412,1
0.4549311786631195,0.6035835792145592,1
0.004030203946461865,0.36497517489756964,1
0.3491837084027294,0.5936477287825602,1
0.4260489935950021,0.49630963105609394,1
0.5298648798453712,0.6389339301465721,1
0.9992222845195106,0.8073225127498723,1
0.4020038745300334,0.4394384937394905,1
0.7385618355275871,0.7344531402393372,1
0.4904209684191317,0.4938918229961608,1
0.545724574518493,0.7062445711366806,1
0.7780035891487389,0.8439888866185417,1
0.41634057440738936,0.6305975835380737,1
0.10124794027596516,0.293437324802339,1
0.04663991012679029,0.23957162524038203,1
0.71509541083121,0.8230101631632817,1
0.42692222298708565,0.4727323696800983,1
0.5501766537508882,0.5772457012782775,1
0.2492159795773018,0.4331419729254416,1
0.8966039357210446,0.8051349704271609,1
0.24012955911195288,0.47913953004799215,1
0.25534026809560423,0.43530323585984565,1
0.9627087597474882,0.9190653166835215,1
0.5609661545224243,0.7072481284258327,1
0.2442049803992516,0.5155149610709034,1
0.6176361171038376,0.745241430738663,1
0.2730757491409955,0.4648335643494675,1
0.5490500835815014,0.5586501115423427,1
0.9232058858073884,0.8417756931738557,1
0.9462221175290679,0.8699369442825088,1
0.12970455721045063,0.42243199417835897,1
0.010306964570302548,0.2103362813177635,1
0.0975259571406142,0.3933203514892801,1
0.7191236518549,0.8103657485862256,1
0.9284477605931688,0.795019019562721,1
0.45899362361853935,0.5138641766728677,1
0.8396882385057719,0.7618144448630526,1
0.4106895371217231,0.6128944225729396,1
0.413782157844374,0.5295792484504764,1
0.05910616983941274,0.39874331267617674,1
0.1002769358299625,0.245024444238565,1
0.3629683947216597,0.4707685873727923,1
0.03435840418691314,0.26416372223836976,1
0.40613782777801566,0.559529294568949,1
0.3753147579928708,0.4828085821092608,1
0.525155909895979,0.692499239911976,1
0.6437024398660146,0.6200642653386649,1
0.4085433353401828,0.6408074475975274,1
0.4795369101080994,0.5633996152826366,1
0.15701820067563435,0.3482414212848969,1
0.22952952786827907,0.451896668912677,1
0.43439386799937324,0.6290799711146713,1
0.45530755954577967,0.6037543187514318,1
0.8656555957274567,0.9096010593438953,1
0.942221074350412,0.7845665187531522,1
0.47637124869783865,0.5478617616608465,1
0.763417632932256,0.6779056659208881,1
0.9780121070872347,0.932900087708263,1
0.7631062928661151,0.7742644241520764,1
0.3099454246182875,0.4908567729325688,1
0.04525218221124339,0.3182448327784253,1
0.13348423481848656,0.3861289496809314,1
0.8948481679737909,0.9113172703740443,1
0.9158808819817839,0.9332496276801516,1
0.3863740120568164,0.5980950501214524,1
0.37341308764844916,0.5721078169047135,1
0.8343652958605334,0.8980002254469541,1
0.659682470163815,0.6327440182594509,1
0.9784650642468626,0.8894855436295731,1
0.08998258030441292,0.42705798888846663,1
0.46858865269660976,0.6362710966134401,1
0.9853575280536931,0.9665376633649252,1
0.9082970219849604,0.8158339123549799,1
0.5634768380160897,0.5912194079192357,1
0.5009403269405246,0.6073657946314782,1
0.4461950794406314,0.6283091702632981,1
0.7890218268195346,0.8190660348465598,1
0.2528481736024105,0.4781964854806496,1
0.9321039182426261,0.8495590351286156,1
0.11750463896442416,0.43844162187208374,1
0.2287011460452818,0.49687715513151676,1
0.5669411347914769,0.642796201815887,1
0.09328281269033008,0.3450094888343736,1
0.36354122434982883,0.4782548125723328,1
0.79101228374106,0.8406458980430852,1
0.19626787269448762,0.4373364847617973,1
0.9216448097708957,0.9123839070133951,1
0.36045681072967717,0.527201887825677,1
0.3866747681686948,0.5922256936169663,1
0.9156459190423273,0.7774922764128283,1
0.22275562339163663,0.3780861755846242,1
0.7230492223957375,0.6939042120825397,1
0.30022801486192036,0.5214852868791697,1
0.3110123941154951,0.4041081866341889,1
0.6699824355062005,0.6316129498711762,1
0.611535456962584,0.7501622694514406,1
0.6362178675777748,0.7786463792518397,1
0.9854137162524397,0.8329611783742368,1
0.05467401284504552,0.3736533272382871,1
0.1942687238240554,0.37164062726974934,1
0.3925444382348652,0.60195320768783,1
0.8357069329041269,0.9003784289487395,1
0.23653894477044776,0.395072893139038,1
0.5853438867021309,0.6748420603686616,1
0.01905708025441948,0.2634677486263844,1
0.497553773314362,0.64828874754884,1
0.524734252413327,0.6580262217644111,1
0.4476057230481876,0.49355066829308847,1
0.14541470249226232,0.3815731803102638,1
0.9830498833636323,0.8477134055064569,1
0.3086231438041639,0.37806229352696,1
0.029850205606250638,0.21602932987574427,1
0.2822755633500196,0.40847052572957826,1
0.7168313589387044,0.7454069543991625,1
0.2888290724813563,0.3807303356705216,1
0.3530377568385948,0.5990197885181976,1
0.7357211011762895,0.7450722828379014,1
0.9321939263279955,0.790763034873826,1
0.6639427165592358,0.7244202265898577,1
0.9985438566203867,1.0,1
0.5365955455883618,0.5831110380335732,1
0.7520100198436337,0.7427735933795195,1
0.7235216133731457,0.7448575316840027,1
0.2924127184153506,0.44583263430189557,1
0.06678649896469754,0.3489521342577193,1
0.2752293272415261,0.5110692913227102,1
0.3624586033237917,0.5737653027079767,1
0.6624305574859723,0.6435554171049456,1
0.11148940752498904,0.26796634377275125,1
0.8030165751970032,0.7346794430998235,1
0.562728664195714,0.7142596493890327,1
0.6776550779693162,0.6108148594628502,1
0.34793260212006216,0.5030321340552011,1
0.29491667568502417,0.5543071072006568,1
0.9220866761382253,0.7579344788715602,1
0.2808359109437668,0.3787449570869179,1
0.9847519488795071,0.9945187639355025,1
0.7157079451275744,0.7336146337934932,1
0.2769203326214915,0.4638311824814049,1
0.7445563663633794,0.8211911652361867,1
0.8752936686821495,0.7803502023815562,1
0.818392434011348,0.7139578149705068,1
0.9149036979029972,0.8748105691355802,1
0.5604098880957017,0.610938692688793,1
0.5402007872443914,0.6084614371080194,1
0.06901799899905493,0.266573796105756,1
0.35229678726166785,0.48942994942272156,1
0.24994525398596404,0.3901454812219724,1
0.029913066400950532,0.36235920872522587,1
0.9628829743136272,0.7977991330245795,1
0.10977616382602333,0.36400846640826995,1
0.6355445776357193,0.6359077165669048,1
0.4007305375883435,0.6086938756709583,1
0.4799979196375525,0.494480856526068,1
0.2619938247464445,0.44319078179248156,1
0.6701533573366779,0.6013421343428649,1
0.24752090953944883,0.41109138978222615,1
0.5689686435385602,0.6355153613191104,1
0.5934038605250913,0.7504874364091425,1
0.7848843095599799,0.8737313474185682,1
0.6649849805567997,0.6067449516844223,1
0.045204286048914924,0.25179614924650384,1
0.7730104577900511,0.678747869354783,1
0.3692842421991933,0.508525536521008,1
0.4486898382064138,0.4838086536195431,1
0.44251812259200796,0.5773171489854985,1
0.8208071057934956,0.8374840086176364,1
0.13674895612253482,0.3381535818728484,1
0.7616412388870041,0.6595130299172254,1
0.20107461092119955,0.49261716483810203,1
0.1522551368894835,0.46530819595717615,1
0.4133142633361352,0.6152118869398504,1
0.7265005462947651,0.7392656741898935,1
0.08105289743645856,0.27176886165172565,1
0.45471389927465117,0.5210238277990304,1
0.7244976517458886,0.689131182771197,1
0.0918198048462319,0.30066761849528234,1
0.35558646240383884,0.5552081052579413,1
0.7877589607536613,0.7956229985152915,1
0.4644272990279441,0.5434630687177586,1
0.9863405650262069,0.8095514071451487,1
0.6428939881078579,0.6167925116030402,1
0.760458361587202,0.7789010387979999,1
0.578528547648357,0.5667983990960316,1
0.6439231929563074,0.6811827148305787,1
0.47732591484400805,0.588045934485037,1
0.09540367954637516,0.3628367632991556,1
0.8453921036311972,0.7523657752516978,1
0.869318963128396,0.7389184152606584,1
0.43056041326608274,0.6485705955577402,1
0.3145523140466819,0.45288459784040563,1
0.0880137219041138,0.3866724984564051,1
0.536974721943944,0.6879897324078682,1
0.7058202509051222,0.7577978012063351,1
0.7009273958688785,0.620557172061095,1
0.2833551188006834,0.4395113278675921,1
0.29417089170117217,0.44439243099786285,1
0.9289509867298414,0.903892297213947,1
0.41151222801262777,0.5101259034320296,1
0.834174608740792,0.8329886918381348,1
0.046620368991416854,0.3582626456254821,1
0.38448808351276587,0.5328689136497021,1
0.22970363022759155,0.411152750204501,1
0.9175218210232557,0.7786403944501339,1
0.27315174816705323,0.35509324405249043,1
0.7891785240862655,0.8318460428824613,1
0.36513484083308234,0.5199446300038189,1
0.315187960002137,0.4323937989334883,1
0.03886921124183039,0.2807218974791654,1
0.680849561045453,0.7701255629604997,1
0.29684584447777346,0.36525144971543094,1
0.9763301421479444,0.9194645939825168,1
0.6678655059901829,0.7932055645307057,1
0.14486588717756663,0.293508410239635,1
0.9986952584138187,0.8102762335677033,1
0.9389319827727798,0.8430318996938359,1
0.8683372719455625,0.8048213405498167,1
0.724092047827676,0.7056766687983587,1
0.06347524354827024,0.29301126710501685,1
0.8935509086103268,0.789159814902046,1
0.9745126960029237,0.8172735407653614,1
0.38512083337156616,0.627236990179162,1
0.04319816110008325,0.22178874652746355,1
0.5134575745133417,0.7073079678645534,1
0.34531250514787537,0.56866733159956,1
0.6087556986266986,0.6254155747854825,1
0.7720214766544167,0.7054774602730092,1
0.03443519305160904,0.2958676429776351,1
0.1650324477520414,0.30839972580518216,1
0.7117009328253585,0.7063106402697658,1
0.12246007827291788,0.3905633871539199,1
0.09177477698465177,0.4040290680820868,1
0.04475190657384338,0.3615971284580539,1
0.8144202933072279,0.8488551022337159,1
0.8554143119048914,0.7954722411176522,1
0.012057719409636777,0.2793257552659608,1
0.8148875128594583,0.7988482257139198,1
0.5900980091740344,0.7055469900383226,1
0.5055182748535599,0.5338697874365277,1
0.2831467816613773,0.4377304350523531,1
0.01150586268287126,0.22203414709987587,1
0.9723811016787379,0.789521280012378,1
0.7203230648123081,0.6770441517224187,1
0.18100395853881682,0.38766314833198917,1
0.5888163448323236,0.6431792123542163,1
0.2956833216208196,0.49234911642354984,1
0.09433649211223462,0.41433323788129633,1
0.14124856561855767,0.34453512718335466,1
0.8142540756610523,0.8362474515858416,1
0.7585535494868414,0.8296448401802179,1
0.6202282121545246,0.7675415841242123,1
0.852890790921533,0.7569670333238946,1
0.2268260657294861,0.3327808203548235,1
0.7554094649905143,0.6591263930520872,1
0.21533999966010267,0.3694357554855413,1
0.1637684226475471,0.4872146697801172,1
0.3755911458057248,0.5883893581020783,1
0.06832474466838549,0.3216127100458018,1
0.865175495597263,0.7778119761404261,1
0.44682754672994324,0.5973259955853573,1
0.900928251894906,0.9260002786638849,1
0.6012509086888129,0.6431489024699152,1
0.07854820017658531,0.35484446561681776,1
0.5499730708157939,0.645301156809448,1
0.3783433376158429,0.4795678035149635,1
0.701064760805306,0.7692288142476649,1
0.6052735045778007,0.5658081430456082,1
0.8989627290974083,0.9302265099893086,1
0.060884560446838626,0.2937646031149702,1
0.16337777143298787,0.4110241749848215,1
0.5352639462072006,0.6709358095057958,1
0.22526705743842285,0.32818893053140313,1
0.39809203860282033,0.5254381636966415,1
0.47995407618558483,0.6383609626235605,1
0.20202639285414373,0.41248031087699194,1
0.9281995959716349,0.8923932598312587,1
0.5410594458601417,0.6919174429567371,1
0.7347516789043226,0.7740530483347241,1
0.26983915613731785,0.41577583045279376,1
0.6914554858636868,0.7469012287437319,1
0.3465412387170355,0.5317723684113552,1
0.1170267926074598,0.41995845069112614,1
0.16196497857850303,0.2878005457986699,1
0.7586902890036573,0.6921184445689426,1
0.7434397101969705,0.6713209483423339,1
0.8610924164537258,0.9102720879680117,1
0.4216288577882076,0.5060020083039619,1
0.1479477320445065,0.46311992376174893,1
0.4705072386856976,0.6055549108971399,1
0.2881489002985794,0.3612039871711531,1
0.4642465136340443,0.6552043720653429,1
0.005456473318065357,0.3575742529148519,1
0.2045835489426702,0.31791210663647107,1
0.8376197195032711,0.8320907541231806,1
0.3975203701985725,0.5136187699292998,1
0.2614202440755151,0.4723645930295761,1
0.7195327032904274,0.8298443310864689,1
0.6360401399674876,0.5888365593446107,1
0.9278206684649697,0.9178755522276217,1
0.764325061355072,0.8198602011477564,1
0.8264758558158052,0.7176216704977987,1
0.08347441246267318,0.3780369884965077,1
0.4487206911755908,0.5889658500833639,1
0.4591811019330479,0.5196274094707387,1
0.418152110406675,0.5970857096397105,1
0.3528542782138565,0.5023557255678818,1
0.07312811633009218,0.2527760145776469,1
0.4387248355823936,0.4565876377329059,1
0.029981043781797008,0.3053441563558757,1
0.4788114144810976,0.6789482819603881,1
0.4270805455163333,0.5248868010442174,1
0.5426801458457149,0.6455133142219553,1
0.2241203769248872,0.400244162333357,1
0.8699636132610575,0.729696948226336,1
0.5671848670493949,0.6798372896611,1
0.7225691106345958,0.7751093686717355,1
0.39695721960035224,0.5091425590676807,1
0.19747403480708417,0.3260587386657894,1
0.8132119104127883,0.7333620060638321,1
0.4817259621182581,0.5031218401060535,1
0.49819733179442405,0.6208756363944996,1
0.8384610973940773,0.7155600149549862,1
0.10780867425899286,0.2855513462547256,1
0.5540506136540421,0.6918580013958132,1
0.18384436723423567,0.46406368659151775,1
0.8944191132640229,0.9337127349238419,1
0.5161337936030411,0.6100596476093451,1
0.892085452696358,0.7880135408287271,1
0.5795097366957102,0.6290291355934906,1
0.9699198942211869,0.9490577433011531,1
0.016102911852287793,0.34651987445526805,1
0.1235021985623249,0.36690042543859364,1
0.6753346077084262,0.6434617358484367,1
0.15062821544381133,0.4274148853045953,1
0.9548954159815605,0.9412021964513612,1
0.20401005336246436,0.41554658457033966,1
0.11200817444995115,0.26580206553729097,1
0.7286787093476983,0.6406033023420517,1
0.019188714438517725,0.3668830046408055,1
0.8568516233747906,0.8747703604869016,1
0.5859976741555631,0.6653216751490355,1
0.8060423311528985,0.7519475123760151,1
0.9769609302736819,0.9594686059453619,1
0.5968628460548381,0.6443553404997495,1
0.809101173027,0.7024753823824156,1
0.6681607981174773,0.7027925112684976,1
0.0626258469590971,0.3566102847612379,1
0.3078942921466078,0.40150511039830655,1
0.5260270088409204,0.5698297121890135,1
0.7951559459836071,0.8673444025740904,1
0.42767743054000346,0.4526290057151132,1
0.9126148577772806,0.7726701666082622,1
0.5229481289011348,0.7138324645385209,1
0.896277703716264,0.84582864064608,1
0.0621209421212677,0.37205952703795714,1
0.5287168522283392,0.622921889205744,1
0.4083106863280505,0.5135265561972661,1
0.08624664909397824,0.265425949117951,1
0.4849450272248974,0.5199581658266424,1
0.33265447416820254,0.4726648486882144,1
0.2179238020189807,0.4904533644262249,1
0.7856000006571492,0.7974797870988839,1
0.19373818655557593,0.4858455154689631,1
0.3052994210970691,0.3700841790103412,1
0.587275240298586,0.5990065299716956,1
0.9941744478383888,0.8515609133787845,1
0.9778543653333257,0.8998479840054884,1
0.3527494140984948,0.5725699555681387,1
0.21466715048345816,0.31761504109573885,1
0.8216450170109327,0.8952449422697056,1
0.3140396918580574,0.4586688946388939,1
0.7934251631724344,0.6973411057017352,1
1.0,0.9267708163116202,1
0.8281092139676315,0.8659598028784465,1
0.20180828145911303,0.49302041017385423,1
0.7949416006910762,0.799977924672403,1
0.6115144039991348,0.5650921215687268,1
0.48915247016151037,0.5604139924036449,1
0.4271161751611213,0.5158573548737506,1
0.03603274652642945,0.3325688162876168,1
0.7977473655362851,0.7017293383139943,1
0.5379065669174549,0.5804606142690184,1
0.409237217208306,0.4603581029035019,1
0.7672246684134231,0.8440542674593232,1
0.1485315121411808,0.348713660570893,1
0.7740640586045276,0.6712327917795823,1
0.21286286122553008,0.5083086360038105,1
0.10981556187140214,0.3649560675362366,1
0.6996792416000855,0.7687668384680775,1
0.7061990534434651,0.7279882349064053,1
0.5771365561538556,0.5533694942954218,1
0.7410572317044868,0.6997069774784025,1
0.732719362418688,0.7047242598555373,1
0.3936756313910911,0.46303529159853857,1
0.4951812385445489,0.524018886681381,1
0.3773635496201913,0.445196135779897,1
0.022793934023910636,0.23930597911623377,1
0.28821999279793564,0.40218389315146597,1
0.47000202784814127,0.5081309692140354,1
0.9198191167836187,0.7840383741244652,1
0.09703211082286069,0.2692707720353826,1
0.3285192771586266,0.43635539156994424,1
0.41925668205028155,0.64775149499152,1
0.6180162245736538,0.7115770585569924,1
0.7411124322739047,0.8165900961621083,1
0.20709644828744236,0.4658337947862615,1
0.308131957485126,0.39047722309830757,1
0.8768715070997574,0.7600585990302737,1
0.12607467789907123,0.41909554264925003,1
0.16733312835782568,0.40120756707393984,1
0.5143593081747656,0.5601379919435164,1
0.09421300977785968,0.38051376444333396,1
0.46676847723528125,0.47175508426261586,1
0.6734787399379715,0.7650894375824314,1
0.5800279296164754,0.672628861206788,1
0.7630845954106696,0.7012974279969851,1
0.7287292060590819,0.6995757373665838,1
0.5279281201463112,0.6452819825123837,1
0.27503615545731286,0.3513623840149466,1
0.7872574313134645,0.874115657315443,1
0.30631262012613414,0.5000663122348427,1
0.3715716095873129,0.47885002310959834,1
0.7445550868880213,0.6594278774330455,1
0.3131985292827375,0.5608520962498063,1
0.08544374184693825,0.4236727889816047,1
0.11388046721904077,0.2981530014098085,1
0.4474139420536378,0.47807278670588094,1
0.15507055203955916,0.39891487875715165,1
0.45833349428882386,0.5083473264099382,1
0.18390008586798604,0.4957514552842876,1
0.083596693644281,0.28048936081805614,1
0.86772384073442,0.9221688035527628,1
0.01699400367156541,0.3081298452527297,1
0.09431210432729308,0.2710305666683525,1
0.9270677316633643,0.9495020487249636,1
0.7996559114955138,0.8784516343545893,1
0.7335372256982706,0.8118554569259345,1
0.6673170104598822,0.5983876596774861,1
0.30483950562980416,0.3844757540371849,1
0.48722792569643697,0.5281869727669996,1
0.16245136484622708,0.2870886923528013,1
