0.2810987661934895,0.3497503141118976,0
0.5685348807033789,0.4140767065564266,0
0.05271555080813622,0.3999322685151653,0
0.7982340934075247,0.3210197479065315,0
0.0019091324072426266,0.6085922527612444,0
0.16051913797430675,0.5929840329767618,0
0.5875341018761338,0.41964340586011134,0
0.15791149538561997,0.5294797921305756,0
0.8323086393146754,0.3418383737448839,0
0.9222605726862741,0.2679178934206103,0
0.9364351271660997,0.08457339867023442,0
0.5114508128135394,0.2749166728571262,0
0.6927507417455169,0.1741439000450226,0
0.5178527054204899,0.23066814351772197,0
0.05708540740396099,0.5233128089321165,0
0.7721347995477057,0.1335465702551447,0
0.6272576420126937,0.30311123040853494,0
0.5672333126810754,0.42423063294559454,0
0.028686889727963596,0.4888262578209408,0
0.5964818521348998,0.2574246044114505,0
0.8566821985869372,0.2603243423176985,0
0.792129503562921,0.1818669733563324,0
0.41572573690165165,0.24741776162899232,0
0.33930631301342895,0.30040043821026785,0
0.019363984083996606,0.5377074857554908,0
0.015502347651925442,0.4377800831676041,0
0.2547799275025883,0.3085079114929951,0
0.9008876031559412,0.23017242319100775,0
0.5063198063863902,0.28153357060447565,0
0.0022416825590127853,0.5955600935826157,0
0.4552488168814586,0.3549663905768533,0
0.7154923351641791,0.38877181742052924,0
0.12234376140045936,0.5714098226153942,0
0.8630502162069358,0.21413212212201024,0
0.2852926347340983,0.42016565393313976,0
0.7983064336949507,0.16436132407099932,0
0.12569719434537233,0.3745399151977041,0
0.9251329157504614,0.24218123667201322,0
0.7666148089269214,0.12965244760044256,0
0.43294361019878974,0.24912840496044544,0
0.44216274732040123,0.43425107857334666,0
0.8578770128414479,0.11708381839339652,0
0.9153102091116165,0.21927632431968222,0
0.04834082971605528,0.6065340483170208,0
0.64407853047543,0.2239258107914648,0
0.8763299686526758,0.056220781340712886,0
0.9044476247758164,0.14742922894623392,0
0.873819360850993,0.13061056495852097,0
0.17532014412274652,0.3623411924959931,0
0.56832560469735,0.4282255010129691,0
0.46751751996853924,0.29993437570306003,0
0.9139845427481865,0.06307343700644087,0
0.8921109184936263,0.2407327581153702,0
0.5136624012968547,0.311572471509219,0
0.1609910585080055,0.363871744603662,0
0.6123025066058316,0.2761101260835731,0
0.3504835739557806,0.44488381630383994,0
0.8685177998426938,0.054749701535786253,0
0.6423486143050189,0.2135410722041272,0
0.3335948675844372,0.5009900993501689,0
0.7815654443726368,0.3521065990990519,0
0.9227800402761956,0.2347947977951376,0
0.06124264794659365,0.46334395643610027,0
0.6187754213225882,0.41039771453368223,0
0.295305506877719,0.437350585454379,0
0.25691629343075134,0.5593821204812991,0
0.9136392498119118,0.17675716202930658,0
0.32639642687415815,0.43310212564240114,0
0.5706828325711242,0.37857755014744005,0
0.12179434844724286,0.5407354907910682,0
0.5100877122580115,0.26302753263528866,0
0.4778609213387564,0.3440055232302682,0
0.12877385115073195,0.5521492881721067,0
0.710901182407316,0.2705865206303987,0
0.09247548528106517,0.5969933724183143,0
0.9307602904415748,0.02085366597532368,0
0.3257501527429319,0.3196349788898545,0
0.1895882940574373,0.5890111870052395,0
0.4416492733238218,0.44292473250592335,0
0.2801996953487119,0.3023005174822485,0
0.28440388393049953,0.35065623200524104,0
0.5913144799623193,0.36237348930348,0
0.01604882404356328,0.5823113785074491,0
0.9192866051737728,0.0373479098423458,0
0.10501414781250033,0.5241489756553755,0
0.8178091426631822,0.15673504876983177,0
0.08429805644133914,0.659436090079089,0
0.434886313261486,0.32246401847892575,0
0.07122488730808399,0.5885306041323314,0
0.9185082728814968,0.10065160241396647,0
0.4473038792645925,0.29456930779487944,0
0.4864724610693974,0.34223723391394356,0
0.0800562582249771,0.5268751529200342,0
0.609212230319403,0.429490276877523,0
0.9124260780990066,0.11650749802885046,0
0.23899625885953701,0.3313426415657289,0
0.5687235110030084,0.4544156517922192,0
0.20354229208193228,0.3224838343226996,0
0.4130842095792611,0.5186985470371728,0
0.305076080160184,0.346747320920214,0
0.17281065126151499,0.49780071445242113,0
0.5023759597868312,0.4624024587714853,0
0.16906636938844552,0.44984363763438867,0
0.3154802926881433,0.5214160636675778,0
0.7030493926775755,0.39244365302282663,0
0.41506201068750387,0.3514627290625936,0
0.5635030105445498,0.2782824156021614,0
0.4914292495672701,0.2177855722745059,0
0.02526133610388251,0.6824611384868541,0
0.24401772101021316,0.5267130310983377,0
0.812846919077194,0.21938219330073025,0
0.36106032982361974,0.26832932218064054,0
0.3997540581360582,0.4471364115403188,0
0.2827512260748802,0.3201521524927182,0
0.6374356249728031,0.42022873456494114,0
0.6783744621098058,0.2535795308111875,0
0.47150210435428996,0.40545205381886756,0
0.5826089417471585,0.22819186726631607,0
0.24832757218770998,0.40862626586147727,0
0.34877421926173713,0.35137962815446955,0
0.11479908179566027,0.5107214827288422,0
0.7910680569516552,0.34414706355148644,0
0.8121237388809807,0.200785362074302,0
0.016601455449668047,0.5263649706904794,0
0.7322143896709346,0.11155001265958077,0
0.45039397107767,0.43700576489588744,0
0.4726122965703409,0.40661369056160573,0
0.6113831339687126,0.2922480948425065,0
0.5562061043495953,0.3493045944692737,0
0.9805726702770633,0.24514757700520534,0
0.3067876825332728,0.5365886373332461,0
0.8384780660812948,0.20426861470020918,0
0.09011664255726119,0.5211213068380305,0
0.5414245521985204,0.3844118660877022,0
0.7710888633405554,0.10085143282080884,0
0.6354964460031414,0.3864932375632006,0
0.7305820661970011,0.26384801554829457,0
0.647172988441999,0.30068142512542106,0
0.1475303528597513,0.43027129817482607,0
0.5033932121584247,0.4587475223073777,0
0.54588071475225,0.17448076379549757,0
0.9075683365122742,0.1554442549319999,0
0.22891672331525673,0.4265729697471131,0
0.13832328551154666,0.5127289701753986,0
0.15256907150324867,0.5050872495373769,0
0.2413565611196195,0.45778419885446114,0
0.3860190532694215,0.4068920951251518,0
0.27894113997788655,0.552301066176417,0
0.22915321495941376,0.522448800328442,0
0.4289099147746629,0.41720301523282805,0
0.5200338054704464,0.3602143286259221,0
0.9939720586482619,0.06948953735385954,0
0.2189375930995093,0.40521003417147333,0
0.5818620790724908,0.4189460001483383,0
0.9664939738232351,0.04657220406256903,0
0.5883532306317263,0.3657735394569316,0
0.7388184768668749,0.29261599503640856,0
0.5075343744826809,0.4585965520946263,0
0.6252541196516735,0.35780237325318287,0
0.41277307540607405,0.23676996069569423,0
0.16887144271008678,0.5458873960157805,0
0.35266479030539816,0.539795325971765,0
0.08328039792818899,0.59412688348562,0
0.6308045886407164,0.39898370240954073,0
0.24222886171104932,0.5662628186855532,0
0.8423263406944134,0.16926854836547656,0
0.05809129791388613,0.4483477759297059,0
0.3134060145969545,0.32735467904307075,0
0.08017058509458849,0.6459988394590631,0
0.74710935050605,0.16573575326724316,0
0.4993445984772721,0.36414218969422224,0
0.6091362358945918,0.40783534716439196,0
0.8592657707507352,0.055945361720262723,0
0.7026217628057346,0.3496370695129407,0
0.4814988734161809,0.42779307501334696,0
0.7324148229237021,0.26801651390903797,0
0.45251164432115215,0.3599003863118194,0
0.7886298635433435,0.3272801040156585,0
0.5439360120246413,0.3726504865301745,0
0.22878156375147665,0.33174648181412747,0
0.23064041625390436,0.4353575367726828,0
0.12008773621800511,0.48520625401415446,0
0.369430096111216,0.5221433778207918,0
0.9458041095336653,0.1037666001055126,0
0.046028891965976156,0.49463164483963373,0
0.43258323276957433,0.4337752798071474,0
0.49572769778268483,0.48325244022895913,0
0.3855038998107069,0.33511543712901537,0
0.8889449414066968,0.19692567007790718,0
0.9651652206925684,0.28480108536035115,0
0.5326067195270558,0.269910798489534,0
0.20175298898114397,0.46378961597849755,0
0.21348131519007627,0.505509151367437,0
0.520254642995061,0.46533391937770113,0
0.842141095994691,0.2981071949975424,0
0.6258229792218214,0.4040842276302265,0
0.8398423063156154,0.061769520639508906,0
0.17820629442562935,0.46073268868716943,0
0.6902470518518532,0.3049937508501985,0
0.06605947091007423,0.5961821839381604,0
0.8615012111713025,0.14592514837480236,0
0.7178904014925108,0.2810825093643079,0
0.2972296937302571,0.5020777093456037,0
0.8943994970314143,0.1011442132652441,0
0.033669964606896426,0.45876964200690884,0
0.14382198437307644,0.5582970155820322,0
0.16865472646388438,0.3848296318917507,0
0.3835569979513113,0.43231607383596893,0
0.5509174045236248,0.3913318644516985,0
0.5935384842840279,0.33913288463279534,0
0.534471290480705,0.46149429216582993,0
0.7114875470622375,0.3387224267625836,0
0.951964539250478,0.03868829060228804,0
0.6914375265920621,0.18512428120324165,0
0.5243757478391252,0.28258296736249083,0
0.6163446407783387,0.28895945979123694,0
0.04493479792668206,0.6768010513759808,0
0.95333892765528,0.21973382018950224,0
0.8382746437534061,0.18340501990704805,0
0.17267098339100967,0.5737188058434917,0
0.0020321926753120016,0.5015258182278414,0
0.3754655929789615,0.27696474383733233,0
0.40736069092490795,0.24123356550964795,0
0.4824684072945765,0.48048891252963,0
0.522649893950474,0.2818047804096162,0
0.9814210317504517,0.11137134387555041,0
0.962858332058069,0.05071463433734769,0
0.7999423554175951,0.21629875691117442,0
0.34198750753571894,0.4057388237311685,0
0.17129531539878862,0.4982888144599446,0
0.7870164679511414,0.2948466820081689,0
0.2516399417605604,0.3801548650683436,0
0.3472491356992187,0.2745714204925725,0
0.03503769236169513,0.5356592454842178,0
0.4591634941491828,0.4947660606882891,0
0.26762585396634786,0.5502783647283397,0
0.14227215489619408,0.5007321835749158,0
0.7620265539914741,0.3695311228522365,0
0.4000011362188818,0.3628156721118293,0
0.2145411062316467,0.37737548467603615,0
0.9082653344109013,0.17238103967743038,0
0.7323263614006146,0.22507098133064257,0
0.5832471699324234,0.41997724002547376,0
0.7872773716982979,0.19513188453417388,0
0.556573414949852,0.177347773699741,0
0.5638091357755503,0.2912549717711673,0
0.2104809922576245,0.5888946314000214,0
0.13151911807538588,0.6275053742076397,0
0.906471666346329,0.05292969487914578,0
0.8026464134302225,0.08218924201078841,0
0.4009012246001172,0.5102383290098091,0
0.7812714284280783,0.17797894680165544,0
0.8841992869681913,0.1179886077020386,0
0.5525564455472033,0.43069042422000636,0
0.6088245893788021,0.14976999325978219,0
0.13099437769943176,0.5503622663706238,0
0.39991479055580265,0.46610541894178137,0
0.3910417014104196,0.39728572720579625,0
0.08126693883475443,0.641199137614813,0
0.7709433713184475,0.35086264766071024,0
0.9472196114674365,0.194248632415118,0
0.17229300868998035,0.41038548204921943,0
0.21486767804332468,0.5740635349463992,0
0.5497799672076343,0.3525417636729482,0
0.929651001769976,0.2804881777391616,0
0.7200540879325088,0.09825019385009987,0
0.022017111469778146,0.39644825758740465,0
0.9624072393469569,0.2153862042855243,0
0.928607685075943,0.20674027711072204,0
0.30896688212896883,0.45132260506711785,0
0.8660169010007323,0.1280570274959012,0
0.9505947478141771,0.0,0
0.09150447398885263,0.5504795344133014,0
0.8624562755643043,0.14329297710826763,0
0.5356235005788432,0.4356239987246885,0
0.22014940741746195,0.5995198454721602,0
0.48059087846243453,0.2372257054403803,0
0.5901810083554128,0.25188561153932176,0
0.5876380976194239,0.3127549310355054,0
0.7713513443168943,0.34211662308647167,0
0.570068988814821,0.3511561450573424,0
0.43797835556905673,0.31798010222706896,0
0.6631352838517457,0.20386059425555533,0
0.1473778112920042,0.5142693914834581,0
0.04295260803858234,0.414547165734032,0
0.31705842738158135,0.3420146734322207,0
0.12583840763654586,0.38728566660368346,0
0.2027103010216847,0.4552038160582519,0
0.1640591986738937,0.6123818121339042,0
0.15003443737821037,0.6229664675636959,0
0.26933289415176825,0.5031581896548799,0
0.9393820978695361,0.16904625212151445,0
0.8084127451559352,0.08996510264632192,0
0.030920679916123597,0.6699635397456445,0
0.07791088788968227,0.37655388201471,0
0.8730304248376957,0.26150621045484823,0
0.16661103142682313,0.5334649022783811,0
0.769110766462164,0.13653408867388941,0
0.22880897081807602,0.4447274800934071,0
0.9816794479840601,0.1371384399154919,0
0.08243803297887163,0.4499459978423926,0
0.7893845797041598,0.2297907794943571,0
0.04425387011427263,0.3925012351378848,0
0.415391613603378,0.39632303846787004,0
0.7843804782170242,0.24675635876954466,0
0.43602404913206444,0.4550939060043649,0
0.5593083784568109,0.3202247918380385,0
0.19473941036674888,0.5105614589620793,0
0.7740898429716846,0.10642724254732935,0
0.3656431762932818,0.4529230145482084,0
0.5447869882303863,0.347073866131612,0
0.7535746525323629,0.13635128189770945,0
0.6598823918776712,0.24890057635756094,0
0.4167518655474098,0.38979824265814333,0
0.10222495514651427,0.6148507055163235,0
0.9456953324428597,0.041314327176402016,0
0.5757692456865273,0.37855719073670474,0
0.7039079881107064,0.2567079408454954,0
0.5553441688095282,0.4132305307971238,0
0.8086008781979828,0.17808657462283656,0
0.45856941395718276,0.3275643797078874,0
0.6125728467857962,0.41317053987735314,0
0.5030058126122525,0.1911707435752425,0
0.4329886988621896,0.409052924099046,0
0.8427774711679843,0.23055842985216293,0
0.7199345498044687,0.10564281289451742,0
0.8276970897917391,0.08190570431629929,0
0.5869344461648617,0.4300404584927966,0
0.12057166543472064,0.35977113447437403,0
0.9552368383669174,0.1047478333177913,0
0.9677715803627821,0.26551422861870944,0
0.7575014160803003,0.30484806244744583,0
0.13745089849178485,0.5284915050509694,0
0.20140001686723674,0.6003828866451852,0
0.9910859158982733,0.04244991185988908,0
0.9851283119268448,0.005570425053517534,0
0.906829806360729,0.25065678149678106,0
0.6362653693532073,0.3580569384390356,0
0.3434466467952751,0.30144960384114894,0
0.21511485194859575,0.35340927189814986,0
0.2923854931189757,0.32850721727477283,0
0.5016594977639303,0.32279983567714005,0
0.0,0.6603696423852232,0
0.3510683587540333,0.2734918699922086,0
0.7042508212049724,0.15350083978749396,0
0.023943221025283554,0.4420138774424648,0
0.6655999887361019,0.16260269139913844,0
0.981997429164841,0.060053932672135726,0
0.790480622654809,0.28817968138967387,0
0.8571762656786459,0.2861539688842202,0
0.6933332098337556,0.12407039583739538,0
0.9126296951556359,0.11059122309743355,0
0.8248825985670001,0.1620743076744989,0
0.5986619098614836,0.3086565921381704,0
0.38467301977125323,0.4983633061232233,0
0.6715794578553107,0.3749083114388613,0
0.9845687786616063,0.16363155008774458,0
0.20263058203729212,0.5373265982070073,0
0.48900769627163276,0.4145532998152566,0
0.9956954028901528,0.11815861017038594,0
0.8062654569897483,0.1709831196707101,0
0.3766484521151925,0.26833011252603517,0
0.7232231368278732,0.2371590493621635,0
0.15825558786233385,0.5272012849979749,0
0.032610563932020435,0.6342342766355226,0
0.2456977616294945,0.589013753183698,0
0.36728883399572193,0.29144369347937693,0
0.908192895297678,0.2015711549385361,0
0.8942499822954227,0.3070334243040596,0
0.13283950294743152,0.38738923126118285,0
0.42219899017394785,0.4750655666211546,0
0.010358070208200794,0.5287112527214453,0
0.16796360341113054,0.34158133645433636,0
0.7408130562205173,0.34689339921898865,0
0.8280389902657981,0.2708556921603101,0
0.8076009300261536,0.1648236908387096,0
0.8929709711179699,0.25412265370151876,0
0.5517232660164344,0.19700022318220595,0
0.17207790933730474,0.5542164185138131,0
0.5151537459945584,0.44066062979255993,0
0.5620287328402864,0.26448701113435713,0
0.869155691397868,0.19913451937078758,0
0.23030371262684088,0.5156823856813149,0
0.4746988622126173,0.49449838645584243,0
0.8131014200296358,0.199877024940427,0
0.46142034781877694,0.44836733736417256,0
0.5003595623243873,0.32373071946939413,0
0.7537261971346267,0.1600460151523009,0
0.05422236740995867,0.41632641037922036,0
0.7232069386699338,0.3698432547195366,0
0.3786308414139272,0.38727429766418553,0
0.013698430517939904,0.4651850108719017,0
0.568958953600129,0.39071988975439476,0
0.11363695594739126,0.4641155625491191,0
0.9154839287881158,0.3009363219530443,0
0.19306665418986688,0.5472377951719878,0
0.029574830132070965,0.6107291982187047,0
0.13521858839521853,0.5129589480596928,0
0.9044430320389965,0.1934608946308466,0
0.5297568484715386,0.40032517678093255,0
0.8730640862630179,0.5997414035460206,1
0.38923348865552543,0.7763600837592486,1
0.60739558293032,0.5456178989628409,1
0.9997658669144337,0.38760594820719185,1
0.19248566880385248,0.7888418766029052,1
0.35297888443952524,0.604998755395963,1
0.7102278117072869,0.6887921878983477,1
0.5808412896063457,0.5707017341172244,1
0.04875042387773847,0.805266266765681,1
0.44431126849229924,0.5425417690286756,1
0.6344949020133034,0.6430535039543659,1
0.3205655128604836,0.6525561010287149,1
0.8828505661865406,0.46363553254344886,1
0.6205936366483537,0.46331975576459,1
0.9545153324093336,0.495107808626371,1
0.8490330264321683,0.5777603129243231,1
0.5617354754938814,0.5891932641795516,1
0.17922065707166784,0.8194893239048372,1
0.5608333947708044,0.5135075662352397,1
0.2993117998960231,0.7688781438579017,1
0.6376922536487762,0.6354397972139629,1
0.7833551237552611,0.39242031493032437,1
0.696838887666292,0.46905485196486896,1
0.9418000980914218,0.4448904197296915,1
0.3898469835172502,0.7719361651133149,1
0.2630907594748365,0.817275239973586,1
0.11087612110719287,0.9376654562874531,1
0.929954084983351,0.520702252217359,1
0.060776829130106985,0.841845765493546,1
0.5959046458092523,0.6845130355943111,1
0.6506031449624511,0.6454101889485484,1
0.0335366738806027,0.9508589014750101,1
0.8101307574739561,0.39756539556230935,1
0.3099906951747626,0.8111534431474663,1
0.9487199319592644,0.4387388293134549,1
0.35696522897809274,0.6506413922234923,1
0.6974748497119726,0.48856780714801035,1
0.8263757959029715,0.42224621295473774,1
0.24319372405366643,0.707837015549548,1
0.7507326145396069,0.4652831044051701,1
0.34030266175820134,0.5800763184695076,1
0.5335432698819335,0.6872475354395017,1
0.17618258357481556,0.8269641275926771,1
0.7673717851320753,0.6197481699540097,1
0.7438800015144879,0.5288542369046763,1
0.12247774227046641,0.899092401157066,1
0.0803141342852198,0.722864870754263,1
0.4608350132925669,0.6778032619078237,1
0.8640307918333573,0.3997413690912446,1
0.6076790185355229,0.6050800657545857,1
0.00572597296505156,0.7741846640428701,1
0.0371227842219754,0.9614539370043728,1
0.39808953606120556,0.7558866320249099,1
0.8083645780027501,0.4197692445996524,1
0.5047923732167486,0.515362054996262,1
0.20151056608276774,0.7943610017775671,1
0.693881742479437,0.6500599442545361,1
0.06460105368451621,0.9452984472782617,1
0.2754689934583063,0.6591536924178757,1
0.8435329981934808,0.6261912359448064,1
0.10196916687461355,0.7928701985358613,1
0.8530489791291208,0.4158516689141828,1
0.3019942505495508,0.6056155522625885,1
0.8695232976317023,0.43878349424134205,1
0.17492688799061826,0.8111936010653652,1
0.48660961612592935,0.5558446613497361,1
0.6336160239638106,0.531222122592236,1
0.3325022158478494,0.8544501278296271,1
0.47604552775775527,0.5701725563292493,1
0.35005245625137066,0.5694086665788953,1
0.5908794898455243,0.4840346889794036,1
0.864157189507658,0.6379745324529477,1
0.8659602361747338,0.5229284611746174,1
0.00794031744539857,0.9846984307717843,1
0.43334491791156876,0.7273380498430885,1
0.6455727728416681,0.6984927541827223,1
0.17442670615842576,0.8484254183191636,1
0.2207139303912068,0.8291630965571087,1
0.1915775342073161,0.8294649958263549,1
0.8257419481059207,0.5127237561521072,1
0.9807881950078874,0.45502559412344246,1
0.19850441145264233,0.8634025127099593,1
0.5320634807312595,0.6318378621618241,1
0.12510544362420356,0.7005331282512764,1
0.5849867978397313,0.5726423850062182,1
0.5280796222051001,0.7375952952132963,1
0.8864980978471761,0.37297633610336817,1
0.3962553924990476,0.6371981152716072,1
0.6297666489307284,0.5870889684370313,1
0.37726276431189626,0.6694851218009213,1
0.9071654432497132,0.5078659457413762,1
0.023061298929608568,0.8991864511011087,1
0.4323859295303002,0.6263164943038773,1
0.23398941983481694,0.8089089765105102,1
0.5585295110622185,0.6377612756735568,1
0.15480027167206417,0.8279319971124797,1
0.19071244164275178,0.9225594140040508,1
0.5289983492501332,0.530234566990146,1
0.7906436436787802,0.4233999372403203,1
0.8652797950362394,0.4095186628145374,1
0.10250883355200341,0.8144256758398285,1
0.21147963801891292,0.6343037146495265,1
0.5881365294085038,0.6863920676686536,1
0.32201590546613756,0.6595672811402183,1
0.09449099274031605,0.8509061907824275,1
0.14708135543861592,0.6794638778561568,1
0.5936562031110266,0.5525357103140681,1
0.8944094434390305,0.56323084685416,1
0.7632775231126665,0.4373244459279685,1
0.27115053874262907,0.810452181046508,1
0.7049462839644061,0.5030783075374655,1
0.9857909775302917,0.31389845536618993,1
0.2416222228145381,0.8348150689073497,1
0.8527021090782169,0.5430726112985247,1
0.6797310608204973,0.5988551738033915,1
0.5357974149041742,0.5659375032059141,1
0.779808570907393,0.5157186525423245,1
0.7681414025090654,0.6349739406440736,1
0.9155809021388378,0.6166979848778633,1
0.07033724469414636,0.8269218469274321,1
0.8296316667068075,0.5110622666365301,1
0.7543623246458825,0.5247886988986586,1
0.6484589753656773,0.5696874358202153,1
0.6825388653563045,0.638169896281456,1
0.029021809608305738,0.7743067830892305,1
0.764681449706486,0.4306093347467151,1
0.9512098983858609,0.3200376935116334,1
0.15145124167228077,0.7804918755814204,1
0.521542455223336,0.7757054077208089,1
0.9866686966484366,0.5019975989577076,1
0.13124065665188295,0.8188593870558668,1
0.7967389577717604,0.40126195463524145,1
0.21427090032476262,0.8938998887076725,1
0.4017867263647561,0.6269774902022187,1
0.91484911127524,0.41540985214594134,1
0.4363350781302989,0.6481840311031359,1
0.858485144153661,0.6216606077474558,1
0.1803459718961531,0.7735722726218278,1
0.6601818627076572,0.6350027775891195,1
0.234647177397998,0.8621724894132078,1
0.8903715459540266,0.38142419733604743,1
0.3604143138006914,0.6589043166914496,1
0.9542901151847968,0.4711834502743116,1
0.8594982741025453,0.4277803102045199,1
0.8801251092494231,0.4910769163322422,1
0.7600055572161325,0.6821471011988749,1
0.2990468054189121,0.7105058318474415,1
0.5256542814135774,0.649554916450029,1
0.586260080934529,0.54099212170279,1
0.5362643359979085,0.6980873373871236,1
0.939192615856248,0.5919036524948141,1
0.7308243859059408,0.5192944941856875,1
0.2752953637000898,0.6665495939676341,1
0.04249760766466163,0.9185175850522938,1
0.11553577218903159,0.6829594675397078,1
0.654785024530542,0.5787026300527334,1
0.349299638406754,0.5754747764972713,1
0.516178096384549,0.710370820068489,1
0.8182436931310547,0.47898957978579443,1
0.8799904511369517,0.6192663094713114,1
0.1945668927904322,0.7015677289866872,1
0.5077673731169273,0.5314317355008125,1
0.893196924138075,0.4851767941361612,1
0.9851466117167672,0.5588903629613464,1
0.9046180311001953,0.3741654635362117,1
0.4400279058666861,0.657274982570971,1
0.3771922704041695,0.7584364076947474,1
0.1753122913718027,0.6980721908641632,1
0.018259998774840844,0.9255512055846191,1
0.6945804281900245,0.6689470113589147,1
0.4967206229615071,0.5781599450029682,1
0.2846657230289646,0.6313018123343758,1
0.3917461259697528,0.7191136629171221,1
0.42344422355677774,0.697574774553034,1
0.17725720848787832,0.7676946134608627,1
0.4772350077581861,0.5399801878120958,1
0.9786071973079538,0.3795628753914287,1
0.6838346194850536,0.6732999459276879,1
0.7964934651338429,0.417193298173229,1
0.09771471906740009,0.8257375353282789,1
0.3133702545286023,0.7674972628204594,1
0.7176875894014312,0.597160894122354,1
0.9497943304186274,0.3613121629252089,1
0.21964724010958678,0.7251604136264331,1
0.7029124651101583,0.5397322372977684,1
0.33324450430748703,0.6715429992087029,1
0.5760086090112179,0.5785785227427419,1
0.30799002294361544,0.6583560717247828,1
0.620186798960139,0.5359922899985168,1
0.8314136799673922,0.5387396853975225,1
0.9866029705222548,0.3862075300866659,1
0.3844347717074933,0.6928062355376665,1
0.9804591022144494,0.5648286705390222,1
0.23008593638101302,0.8989875091259248,1
0.7947875475016224,0.608649820458819,1
0.03824058144573425,0.8912660215472716,1
0.15448849981159932,0.8928995568830154,1
0.10606623016432053,0.869299421723076,1
0.6288766753936779,0.6052318867351765,1
0.3400771381188433,0.8112427454580042,1
0.23767524375583987,0.6556937610337372,1
0.8011227347983385,0.6669497517675245,1
0.2006899406819544,0.7350841022861331,1
0.45363504828797874,0.7506283662138025,1
0.24101486689050644,0.9023755521320173,1
0.1398729439237546,0.765975744831066,1
0.8887577709365576,0.3970061895202762,1
0.27822206700197155,0.6405850367672757,1
0.06047865691116818,0.6925419995949927,1
0.1786188584454314,0.7130166196161059,1
0.7793771579313479,0.6514099052429021,1
0.38075679434501136,0.6988492247708681,1
0.1454959157164076,0.8683441198614846,1
0.48359072074812226,0.566003458264291,1
0.8764483853032717,0.5692833236469567,1
0.3078328402974549,0.7454155831981231,1
0.24328995749673513,0.7741472047550907,1
0.47999561740611923,0.6599702608981545,1
0.3870648964506014,0.6630093328088715,1
0.6035240943346556,0.4967226982194034,1
0.8929852237245244,0.5437139893573832,1
0.2765804820918822,0.6501130402317183,1
0.5506399407986777,0.6805172030583553,1
0.26125898615348,0.6618137274920469,1
0.11391402704748832,0.8714294200417164,1
0.8846445132619991,0.4001001038317401,1
0.7770813648332434,0.49866383223822214,1
0.43737398233294833,0.6519843466767661,1
0.08298132627098637,0.7441345965846428,1
0.16855347278371355,0.7484070520845074,1
0.12500687785763842,0.945365475178219,1
0.9719713233751919,0.5229556291769808,1
0.025293658909721135,0.9019618285505767,1
0.027871757407703788,0.7983642189277387,1
0.45542177688766405,0.7018585379616683,1
0.005457533746836597,0.8065512434926112,1
0.8338804267032672,0.4552910659295202,1
0.9467404507120749,0.482873676288997,1
0.39596911466097184,0.5491813160317264,1
0.7398204085566923,0.5246857969724199,1
0.9315586607815862,0.6045428494846736,1
0.8922182518089478,0.49950066803083587,1
0.583398689266912,0.6720755445286425,1
0.8646944355435486,0.5807574692890595,1
0.7522671123718643,0.4850773011659976,1
0.4992367339767344,0.7219399307295368,1
0.6600593961437943,0.6944778911094228,1
0.23952105129976314,0.6443708991869451,1
0.27052703988778637,0.8526142165852669,1
0.08713855770277097,0.7480104499365128,1
0.521898588607557,0.622730771508513,1
0.4769720006320853,0.5994160141165019,1
0.036956495952705386,0.7179119324544414,1
0.20406618055337275,0.6499786256464039,1
0.6575939963746309,0.5194276501386875,1
0.14400154616616997,0.7553979961073805,1
0.06755335683520095,0.7803636328534446,1
0.8188506917799235,0.5580153965504332,1
0.9438938896729767,0.5332368849493239,1
0.7169888070071647,0.6342504657327568,1
0.7629803372964319,0.45792840668853113,1
0.45365936019582226,0.6555587620906708,1
0.39951057090506703,0.7189880198069502,1
0.011255726191254391,0.8962423138821086,1
0.7331277758522587,0.5051838819867571,1
0.2939587772365576,0.7427359667227335,1
0.813128776030569,0.6480612016789884,1
0.564470191826819,0.7665689548045781,1
0.1971965826846318,0.638104076924013,1
0.3095100974698561,0.8065791634518595,1
0.2583370921543421,0.6185754785536681,1
0.018993563374951297,0.8923210484577745,1
0.13377458570633372,0.9072838486175723,1
0.6819658480840356,0.6039303432038332,1
0.09944102371095986,0.9528181709641131,1
0.8021052326492782,0.41684482168284204,1
0.7005447406782481,0.5495969264399135,1
0.10485930410856804,0.6958835896290922,1
0.34873832800773746,0.811833273273288,1
0.2360440105263489,0.7792206850065533,1
0.31243402237977813,0.5858472426529655,1
0.1250751190764714,0.7577025631588209,1
0.2383466288523896,0.7266890919188609,1
0.19597314687061532,0.6999115898436941,1
0.10558732801303475,0.899313753798657,1
0.14705193251929333,0.8524915603283821,1
0.04818747097179305,0.9508075633228709,1
0.7795241115147814,0.5555807808935826,1
0.9760165847046897,0.5300759581176167,1
0.05005128681038325,0.8262124560653837,1
0.26429904139305477,0.8498515024801728,1
0.6272387566530855,0.6499277532391051,1
0.6138243686970538,0.69883940231101,1
0.0444356115614665,0.9516100399709966,1
0.9980215733872717,0.3896855033622568,1
0.7629574139368152,0.5254408994676752,1
0.1537397196360157,0.7511835345590132,1
0.15938795438967016,0.7164324818607223,1
0.8093461928896579,0.5857397266162419,1
0.8836408334223196,0.3712329070774695,1
0.8398670406219471,0.6262379608041186,1
0.32082621213396717,0.6333319793372468,1
0.8867652455346798,0.5136942084324765,1
0.5653165150996093,0.5352468887112103,1
0.5497494606237577,0.6645377863786545,1
0.5008478863005197,0.5942038921870054,1
0.7058732138400096,0.6705804737894724,1
0.8367733460452157,0.48398963275843543,1
0.7972100341690436,0.4633555465374673,1
0.25387503811473267,0.818860002407831,1
0.9908534470998441,0.3130377484959291,1
0.54256421943296,0.697959170746901,1
0.4178483245792166,0.7446615230726059,1
0.361192139678591,0.7934959459024518,1
0.014058096072118074,0.9229958845326923,1
0.5098392069913218,0.7598389421332948,1
0.15620025825872033,0.6704216227894502,1
0.9411426261199496,0.4213997738035713,1
0.9107475798788214,0.35673567818658714,1
0.39199126937376594,0.6296631382131815,1
0.21430299802947622,0.8547337286180254,1
0.8566507653293237,0.525928181840523,1
0.3794583960635348,0.704593220180128,1
0.39858947580452103,0.7049761883222836,1
0.600511208623098,0.49290368520212524,1
0.08859602688848542,0.8146401587321165,1
0.7476573416493385,0.5804147370798667,1
0.34407994177245715,0.576672050364521,1
0.7948481070803204,0.6201244499913202,1
0.5797168182559873,0.6606676519701941,1
0.03409689466311701,0.846088149562625,1
0.5472053078572535,0.7239202788139559,1
0.5236656884673044,0.6599398778040991,1
0.8840264320384921,0.6254309237514745,1
0.648160929703916,0.6219840667092704,1
0.4169706638456934,0.5851002685885917,1
0.08879014492096583,0.804476748885233,1
0.6191649587402903,0.6108594727847335,1
0.037425385934151255,0.777110487720592,1
0.46513989797918404,0.6360999469483442,1
0.7350533794348766,0.5432067250954382,1
0.5822424867394205,0.5798198665265114,1
0.19134138109520424,0.6947402306361051,1
0.2056891735373197,0.7082411146452319,1
0.5127453534189469,0.504593926663886,1
0.18326027777891363,0.8919745842236887,1
0.867579731735125,0.5304027347511614,1
0.8568788220024461,0.41984291194609513,1
0.30917873054261247,0.6527161688007063,1
0.20031795694245919,0.8615560997462411,1
0.035618114949224046,0.8493023778959385,1
0.026332935992404185,0.9215983330332678,1
0.25461621142635193,0.6877525259957472,1
0.9150820715945674,0.48656288426462463,1
0.5408318441942973,0.6058997608136554,1
0.5169460608705905,0.6619570553831075,1
0.31420811732885034,0.597375556354641,1
0.038844983099963995,0.9756058839723033,1
0.0001480438440181705,0.9319824468442979,1
0.5143792723361188,0.6468497994391186,1
0.028503024924325666,0.7508577775456089,1
0.8189364454179087,0.6168703177988469,1
0.29578390315856423,0.7855194027074335,1
0.29373504942370593,0.6365944233452754,1
0.33710153021435596,0.6900812261155054,1
0.36156829407403984,0.7193640141855883,1
0.5799143207938482,0.6345293071168663,1
0.4289769578555372,0.6177496447950434,1
0.9288835380852782,0.6001130712828271,1
0.8172396449403629,0.5119149611552846,1
0.37936107745906505,0.579197269513057,1
0.5216487094717256,0.6517732702882539,1
0.2515045260851227,0.6519922093763627,1
0.7109292045021413,0.4742515346502527,1
0.33582756083071125,0.8456925699576481,1
0.060876906407991906,0.9208475841309394,1
0.6452582131077519,0.4838909360480107,1
0.6830021422818714,0.4590968049883655,1
0.042575246635996974,0.7561187332478967,1
0.7857317681573828,0.5395285984768999,1
0.6968287995106873,0.6668951718427677,1
0.2704666540628714,0.6928400969543788,1
0.6492076081888694,0.5508946223249876,1
0.011041931961198665,0.7336320404676637,1
0.09661894116304662,0.8704319551231409,1
0.7331939547132491,0.45456156165416656,1
0.1984538049108471,0.8413760289438441,1
0.8392929839933132,0.43342036389874883,1
0.2878746005624708,0.8773638139329683,1
0.5376018233621886,0.7373352927855751,1
0.9032209065076037,0.39775339641585483,1
0.6360804464488333,0.5429656155708529,1
0.2312171699562408,0.6454664792307234,1
0.4570186307557295,0.6004473043451207,1
0.07968169983090688,0.9350426197371686,1
0.3071530827343207,0.7119800930597111,1
0.49853432575974904,0.753787530959502,1
0.29395362808341535,0.792500039360419,1
0.24097445899555892,0.7387868540071786,1
0.12060319307665326,0.6752661606532203,1
0.32829651904797325,0.6001648181832339,1
0.289340729822916,0.6851343742109477,1
0.17331972776837012,0.9084976110983323,1
0.24261127873426833,0.7913145781682978,1
0.7282212993721472,0.6348369744448146,1
0.8589683722715384,0.5519327474105669,1
0.04441338414487627,0.7470330134738837,1
0.44936656639156497,0.6628377444643656,1
0.42219592416823704,0.581794748156672,1
0.255484720018913,0.676993184373028,1
0.2485792092830581,0.7656257056460883,1
0.6301600107051164,0.6845665210149826,1
0.5169761621040448,0.5768916112122188,1
0.21010470469811693,0.8081659236481844,1
0.7719650993537884,0.615847997043661,1
0.528613711337938,0.5368312090547522,1
0.39460449481398163,0.5968470986903289,1
0.32980343188400507,0.6529075209441382,1
0.4790980699808613,0.5206077237626422,1
0.767715512836281,0.6321730270240815,1
0.28532870777544517,0.638417739055581,1
0.6255035513585739,0.5653265220631932,1
0.6663090561551257,0.5765238251192029,1
0.8109723877140064,0.5964853892345403,1
0.6301062734666202,0.5997480299937904,1
0.9443188485989078,0.39833292062966624,1
1.0,0.5573847994934824,1
0.18853137417761454,0.8072353795545687,1
0.09772408961590653,0.9585032695387038,1
0.9385155678772881,0.5112685134168649,1
0.565817516002392,0.7502140266984445,1
0.10279116099221176,0.9354449833779481,1
0.17543542112022847,0.8906847562551667,1
0.012054340591995108,0.8280432375981441,1
0.9610776145301771,0.3691232100858691,1
0.25149226249796747,0.8164040775656316,1
0.9404886105426615,0.4167343705278707,1
0.48526933609061057,0.6683236183616759,1
0.4082891611630319,0.6105140987573315,1
0.13223742177630213,0.6792970038389663,1
0.5871859073477865,0.7463322845308726,1
0.6858164030114263,0.5679536489775144,1
0.06921866872757708,0.8455815649836714,1
0.20247653761487627,0.788621114560649,1
0.10133920157388653,0.7161717413586531,1
0.8107150836660897,0.5416298140391668,1
0.5906408480737523,0.5474247214353122,1
0.6846058910929071,0.4657685723903234,1
0.6508361009323506,0.5080038124388045,1
0.40121509179362047,0.6004558473954369,1
0.1702082906601099,0.8788873664962812,1
0.9356597443443349,0.4721616542068648,1
0.258040592733051,0.621743907776874,1
0.9328849975833147,0.3777533724265446,1
0.5467009571968846,0.48782918227440863,1
0.1718858759528832,0.6949076102151177,1
0.768758769163056,0.3889635806663678,1
0.6207879854515389,0.6002454636189697,1
0.5626654754327031,0.5143253187227426,1
0.8306049077865253,0.5887556952947427,1
0.9362605984343748,0.38973568134067127,1
0.7609817993834327,0.645397377108606,1
0.07308529764556593,0.8769071668080209,1
0.0393244325798735,0.9307235847715611,1
0.00820871837342614,1.0,1
0.7764871870960337,0.47355376204262106,1
0.8934812756287398,0.36725781403804825,1
0.8562614253405569,0.4409635231633466,1
0.4086410475172445,0.6425435257305968,1
0.12296885676084232,0.6820704291654205,1
0.5023541157117434,0.7427964450400226,1
0.9602212576859127,0.5366450563174638,1
0.8090948459051593,0.39391540545260895,1
0.27286905518325383,0.8597430233558728,1
0.9385533054676874,0.5698371892679944,1
0.8044790353050404,0.38847395444665317,1
0.9952540062875694,0.3585998055498168,1
0.466636457590989,0.6665553436739876,1
0.7081158115516879,0.6713986714725388,1
0.06668826011383194,0.8897415693683105,1
0.28683609084643924,0.8366610850093747,1
0.34589549518357293,0.6179485504695584,1
0.40278681241785125,0.6237076655265268,1
0.6518882719069922,0.7052071959066395,1
0.7344212460095716,0.4897339151968871,1
0.7096180908303324,0.45372590164485627,1
0.8643046551423343,0.5370486087880801,1
0.12340174265782526,0.7894764404483545,1
0.21145773148707928,0.6648351348398518,1
0.8661178502833512,0.45317739161090365,1
0.20546295691549732,0.8051865101041916,1
0.043393523351335166,0.8724705031166704,1
0.5624134239901237,0.7023656326452298,1
0.9924074917731973,0.4150099410667903,1
0.8947753729253912,0.5675781340590121,1
0.05300402126613999,0.9673389222574493,1
0.9420224177261284,0.3461930196722617,1
0.17530783235386632,0.8558489234644184,1
0.4509000654998081,0.5808592372952756,1
0.017437675024681472,0.9693487713733681,1
0.4550460009756743,0.6555573473653553,1
0.628303289821556,0.6896899140941906,1
0.11459252597360911,0.9174459114066271,1
0.8521016001003087,0.4331918796813037,1
0.8829593785786006,0.551009018930708,1
0.16586199635039503,0.6718135116728634,1
0.06177463093046582,0.9030188647877648,1
0.9437559242661387,0.5418079765404921,1
0.1271588233458827,0.8982929395973946,1
0.06192843128149772,0.7103457657597717,1
0.4733434429624352,0.7749164792871596,1
0.9374648572440616,0.3486551347562175,1
0.6438457797374632,0.5853967265089761,1
0.914844918454903,0.5411961335854922,1
0.6696571992956748,0.5705303002863522,1
0.5882063802961006,0.6928057558510782,1
0.03672402168462959,0.8807753545604674,1
0.8985829100257161,0.5040431362731141,1
0.6617851941620102,0.640007739959161,1
0.6077256058629008,0.6191854366019237,1
0.5913108251801985,0.5229985501121939,1
0.8877795981586182,0.37876280465270995,1
0.7567927595498564,0.5743643200207684,1
0.40658303812152297,0.7658915326769232,1
0.3261115830699069,0.8279509627958302,1
0.5859478539825091,0.4711906381207625,1
0.1209444234290415,0.9170397713445905,1
0.8427454135622834,0.427248885087325,1
0.0796728966232328,0.8427456665993021,1
0.6697647378447822,0.543975101406804,1
0.10194090906164902,0.9526600016721686,1
0.8727474011700574,0.40118997235190273,1
0.2843381604243196,0.8445506150835823,1
0.9323341354441284,0.5150065951922864,1
0.8194494548342907,0.4460760059517121,1
0.790912558090161,0.6077512138765574,1
0.842671845630304,0.5034055443389502,1
0.13765615425231098,0.7994429358540786,1
0.9076992421721701,0.35336873099746413,1
0.5431388991093791,0.7398552046473115,1
0.5660486103398662,0.5488576327173944,1
0.2126292891526447,0.8331310320100878,1
0.6009200269466682,0.6999582134437848,1
0.6337067527148595,0.48040764447081497,1
0.5279372794706316,0.7200075587365099,1
0.08447615605688749,0.8541992472850476,1
0.3948948717966789,0.5969610485145029,1
0.8972765770372587,0.39292556497778147,1
0.17318243092800642,0.843283969387701,1
0.2773982550387536,0.6432857252545189,1
0.5944764569136217,0.5052090239860646,1
0.9303426764444312,0.5605856291200272,1
0.2162458539780172,0.8020180458110773,1
0.20141076780106074,0.8463394396725471,1
0.040233354822963946,0.9629287951601649,1
0.3839074535432993,0.6140301322317049,1
0.2905028493164068,0.6463531161094785,1
0.6028283525014105,0.5015163250128705,1
0.6306011249329975,0.49592865608838954,1
0.07624286299696333,0.7346947649196525,1
0.8848451258677961,0.5871557408749245,1
0.1512720392105883,0.6772282456392218,1
0.8334229759069364,0.4779943561133741,1
0.11861440873385963,0.7247057395456898,1
0.6154244697983895,0.500766000657209,1
0.9397832246919715,0.4410220987060907,1
0.3198611756147803,0.7970155914881686,1
0.16647468078931396,0.7973397531990825,1
0.8287660395645585,0.5512293601555311,1
0.47084443207710575,0.7022903109808109,1
0.6358019057691671,0.5978264176604285,1
0.4249204439515711,0.7826215312274197,1
0.8409474008670258,0.6469086562284274,1
0.6387443608529151,0.4937526929499002,1
0.2826094198085711,0.7483201519568322,1
0.46855710782077625,0.6471002257565424,1
0.12059398505048725,0.9371406670838345,1
0.26477554427992994,0.8000040866860988,1
0.16919227132756348,0.8913488357980183,1
0.5884718877000579,0.4806048173358636,1
0.7896744041103049,0.6214377528880848,1
0.1362087525839351,0.8851570188184039,1
0.4014565675356135,0.5670990982692398,1
0.8522295929871756,0.4484627513699157,1
0.38916045266159666,0.8253830862137415,1
0.08220676958659853,0.6821686228836418,1
0.5081413140433322,0.7835959506986313,1
0.4332698535726984,0.6115193069628094,1
0.327357275321692,0.7442166835121994,1
0.11123329529188247,0.9566243461715989,1
0.2865672810855435,0.871186342711614,1
0.796147411047217,0.37954288069505054,1
0.4453308606790339,0.6324928456935832,1
0.8874678397913585,0.5134545843543741,1
0.25162499116487635,0.8802558542557437,1
0.06011619764514624,0.7319484634021922,1
0.612539209627917,0.5151042929500312,1
0.802046133640555,0.39970247847605006,1
0.39673606403613026,0.6862300124526701,1
0.4536631468438473,0.7835196952687962,1
