0.9677929444464619,0.859323910591708,0
0.9029163208042813,0.7801354284091891,0
0.6935887084314017,0.5537504932692007,0
0.9042499936564752,0.7921653143807411,0
0.5629601665602556,0.5197547933963824,0
0.9465226361504232,0.7562814837308847,0
0.3544316751485402,0.33777088784401027,0
0.49276454316098084,0.46699314585474805,0
0.7793193681863755,0.6799171018193692,0
0.7057022542596876,0.5620416807326334,0
0.11781103292760585,0.1364797504514087,0
0.02004468502090166,0.08099424410839505,0
0.31802884936918835,0.26174572941365987,0
0.709660988523332,0.6255181126767209,0
0.8242832047576765,0.6801712836392819,0
0.7047933765741424,0.6434239518580014,0
0.06878743766402073,0.06402881608986037,0
0.8981311590636547,0.792944356245451,0
0.2723153560019483,0.2689252942114536,0
0.1162863986351206,0.16676759049629167,0
0.7325890441826813,0.5825716242268615,0
0.9490209992901486,0.8231738759621334,0
0.383853896164758,0.33029672345323124,0
0.8401381088628256,0.6928954956305525,0
0.29311508044577517,0.31978994480992207,0
0.13978335268855793,0.20508778855384782,0
0.7916872563716046,0.7202972745297779,0
0.22965346058743627,0.26153214037922606,0
0.32858944989926375,0.3594977817803962,0
0.42325253720314765,0.42605729862668146,0
0.805524129773605,0.6966108608845686,0
0.08918567825839493,0.1401504352935724,0
0.6501864881015357,0.5635383831078982,0
0.06435214031167079,0.10395453300806487,0
0.8121026557546372,0.6679873412209243,0
0.9920083823891326,0.8827380138983486,0
0.8939658064968541,0.7885761802856621,0
0.20209699465812647,0.2448060610679295,0
0.30392647157610225,0.3275892957859186,0
0.778044846619542,0.6918589277662263,0
0.7780798509559861,0.6403834162119248,0
0.5663144183986492,0.49322217086807035,0
0.6377428544767267,0.5080855941289715,0
0.9316013059514331,0.7510832146948759,0
0.40353558938024126,0.3402050202964566,0
0.1393414515418361,0.12320863884427463,0
0.9781882503258186,0.8143605989754058,0
0.3662183593160804,0.3835509017011151,0
0.33297794023350635,0.3586421642225453,0
0.9720475300065792,0.846858478137859,0
0.10379554127878958,0.09667263551552077,0
0.38821680281852744,0.39228160216047675,0
0.6800389094863563,0.542723891773289,0
0.07749358212044116,0.07565755002645955,0
0.6244553947502054,0.5846727451214142,0
0.11629103737194067,0.18368635126542826,0
0.5174258897327499,0.4581942835439028,0
0.24879190751059446,0.2538235083895385,0
0.1094990529613371,0.13030937182456892,0
0.36356585279621484,0.30562235583007064,0
0.8798264882914615,0.7087881299151906,0
0.9349116315268462,0.7972596793494671,0
0.8851526417000705,0.7196138877948527,0
0.4334801076014746,0.4359613315862423,0
0.971695085274507,0.8474676376419052,0
0.5819997101762477,0.5190316141021611,0
0.021551490391159528,0.06744716184152312,0
0.3586036249820126,0.32066588336863683,0
0.44834834863169143,0.37809017783333726,0
0.1796471989115638,0.2117614511663775,0
0.3331366955483122,0.31450040959187386,0
0.24959383791687195,0.23232007274970196,0
0.925943650555966,0.736629312525538,0
0.6060859288888495,0.5262400086610921,0
0.4221749891647906,0.3344568247460371,0
0.7450293118340896,0.6119142600747217,0
0.33012472840014223,0.30688832168893176,0
0.9636837072839533,0.7734237364212664,0
0.753724627392518,0.6447421378704916,0
0.18768837872494024,0.20718206549918414,0
0.35807674451984745,0.324457088408019,0
0.7479560136380774,0.6570660853295006,0
0.5315198415998642,0.5167931042583788,0
0.41174690339063175,0.37187636410330027,0
0.1423992632355489,0.19577771369736402,0
0.33234446287071845,0.35740107815356204,0
0.33002246313840067,0.33970788950920094,0
0.07716657555548487,0.14050592864408668,0
0.7488524119299235,0.6629264740830328,0
0.20545085404334995,0.15854419522544586,0
0.3157468565637207,0.28018586161031994,0
0.30973299839977103,0.33479893347461936,0
0.10270538690939197,0.17535681660556407,0
0.963621203931252,0.821329874234043,0
0.4310842148247557,0.4185640291642215,0
0.12319622963796076,0.1909732538544314,0
0.19614212077851345,0.2449506817595475,0
0.558300336224961,0.5366139627925582,0
0.16329797397571252,0.16583809962017038,0
0.5564127655214208,0.47151673519079357,0
0.19627863789930708,0.24852588715884116,0
0.29441513788342644,0.33112049089664913,0
0.8977156377270262,0.714204829259543,0
0.13013344543644204,0.11076023633880053,0
0.39027690018269395,0.3268066697924778,0
0.22032590092557353,0.22841663594868103,0
0.7048305676375715,0.601608111420249,0
0.11520228942972721,0.1055222639343943,0
0.599527390184821,0.4833046328504841,0
0.06469912388567825,0.13549491219046708,0
0.9523468019938026,0.7958197251844629,0
0.4187914058715104,0.3878621306283635,0
0.15987812217612032,0.1700451543561639,0
0.1939825660972189,0.18255337657339393,0
0.34550909493879006,0.3370005746480391,0
0.24287482128845536,0.24575679998470878,0
0.2708033158611935,0.29645280690936027,0
0.3089978697805258,0.3123166250129709,0
0.4474910492503068,0.38664250354176316,0
0.6062654839034572,0.47934048163578097,0
0.017159284955423335,0.09505795857988514,0
0.019266273284555966,0.09396660227757571,0
0.8419859687145425,0.7662096230395297,0
0.3073167698577289,0.2684658527474085,0
0.5230661088356023,0.41220028617446536,0
0.27242402755512596,0.24199142536979973,0
0.8191191003431971,0.7063967867814115,0
0.4017306342069019,0.38488118569259683,0
0.1806541822621821,0.14051691900559996,0
0.893504927755782,0.7241793604184988,0
0.7921450596403004,0.6439614804781869,0
0.6126814358015439,0.5744509382388469,0
0.8788222613147724,0.7542945752644509,0
0.13463785519139118,0.12105937599971234,0
0.5628876427779389,0.5130768606894327,0
0.12324726444782236,0.1930597408700556,0
0.35667122971819926,0.33186501780042177,0
0.8919421167897911,0.7378020688935771,0
0.06928600329585022,0.08312857582193295,0
0.20663591910686077,0.19282729795352424,0
0.41533809688717377,0.3764970318856091,0
0.4487672094019102,0.44829411938078123,0
0.5110330095267779,0.4428702143774525,0
0.29307109380416735,0.2370630493451469,0
0.4168176370023826,0.40034507998883595,0
0.20370706867719737,0.2618039421561375,0
0.32202914654482845,0.25731773977890987,0
0.0422142698353966,0.03715991184405498,0
0.7269490197384935,0.6046361991324746,0
0.6738230423499466,0.5677541364845927,0
0.15688677105300364,0.2232861486155769,0
0.31632559079615463,0.3476959433771198,0
0.20210246040651558,0.2112020818193838,0
0.6893621035381294,0.6056812179383271,0
0.5930681280543894,0.5137909493580483,0
0.9110075631708321,0.7600213208976937,0
0.1186049367588912,0.09939418025026223,0
0.6898601031870057,0.580029576927871,0
0.05676835406040085,0.10909124558141081,0
0.3515705922643189,0.2969744223554352,0
0.8763794013688885,0.753855863643692,0
0.9881810949095339,0.7992807366438952,0
0.08753148003048795,0.08241028702796985,0
0.9335586096925815,0.7518263263328908,0
0.9439441080241858,0.8383724368628841,0
0.5139466335368371,0.4310646704161636,0
0.9752932928415191,0.821399872674791,0
0.2394647880584652,0.20272951122557575,0
0.9771858333402705,0.8659920760791038,0
0.6426452320445534,0.5728257169657419,0
0.5756347636238232,0.484303294164383,0
0.4395828104463791,0.37604213904099626,0
0.3865543607153763,0.36589258957562165,0
0.1578336641508346,0.1835881025192232,0
0.18893357703481087,0.16770423227760603,0
0.2727815048905214,0.2564011388542962,0
0.6086338899209845,0.5178971401534749,0
0.6356136944484579,0.5896451605469417,0
0.693297638225821,0.5922500622894746,0
0.23992716900573063,0.2503116343864202,0
0.03987810820824493,0.12017442959459725,0
0.15802725958240796,0.18116635464535416,0
0.47221543665003013,0.456587695320239,0
0.3601074574284372,0.2866644697234495,0
0.013007997046024643,0.09323799647088332,0
0.2748450308026211,0.275722841207488,0
0.06866050888524179,0.06727094014023678,0
0.3810580954411314,0.32427587310167105,0
0.4233712198402441,0.3502954437720836,0
0.8801900316411433,0.7648230385802884,0
0.2852116730480061,0.2895350467415664,0
0.4717898010830126,0.4413223670186795,0
0.6959957179011541,0.6177069720986872,0
0.5075116752342353,0.44610771125819737,0
0.2539731164103735,0.2799781342271624,0
0.2905325182805056,0.3070008532359821,0
0.5508597777110471,0.5343605782879804,0
0.7165154810640189,0.6322653790532757,0
0.486656555476041,0.4206088361361205,0
0.5177979139804385,0.5075897422636355,0
0.415475783684903,0.3540605018916383,0
0.7098436877552832,0.6340336452078794,0
0.3091312176040162,0.24401999204039754,0
0.650114607085903,0.6021376004928368,0
0.786196096652748,0.7008358117797808,0
0.4560620254205509,0.4011149534644937,0
0.6751861875643487,0.599809044432905,0
0.3532842899301049,0.34409756483699333,0
0.00531589663651763,0.09347570431525,0
0.1544231654929248,0.12300154875753286,0
0.41465270137405813,0.4252215717261794,0
0.30391227539375976,0.289489063917004,0
0.0306236351007464,0.022729372466990957,0
0.01872617462124197,0.044554897231557256,0
0.7007865207178519,0.5557074148417769,0
0.6683041920733697,0.6213494769216832,0
0.1252362080186952,0.1696810968774306,0
0.7818365707907324,0.6455750851425633,0
0.5126764908873855,0.5050132557168132,0
0.2983911106067937,0.3179321113178011,0
0.6828837719505254,0.642865550585203,0
0.6837345898174032,0.6110345975492428,0
0.9451185268205374,0.8222378161354201,0
0.7383671548894205,0.6071251027999802,0
0.3287595777652553,0.2917204877766953,0
0.03853321265229006,0.06365126824138471,0
0.25339292973917604,0.21949498461451505,0
0.07752113219320877,0.11551009843206243,0
0.4814264010987471,0.40333753819571205,0
0.17569633735791462,0.23804728450652027,0
0.45700644652397515,0.41782790657232827,0
0.5012904098616492,0.4305116400748419,0
0.18863926394434496,0.17356573771823547,0
0.6533348436653897,0.5386545577024575,0
0.5541049969944412,0.5302386078430866,0
0.5343702593812685,0.5006812942317141,0
0.10497859915438974,0.09616550218130293,0
0.027519925279763498,0.028749520642714736,0
0.3545736833668026,0.3122156817660271,0
0.38620649079819486,0.38002476918561556,0
0.4568729949179246,0.4308365577892656,0
0.6491435155614752,0.6069466218228452,0
0.9695814744736682,0.7947394578392193,0
0.18404447021598047,0.1440225017332503,0
0.9486704708323085,0.8440628709815271,0
0.7492324372117539,0.6758992017691406,0
0.3311747086329406,0.2777395368692645,0
0.03634588130668773,0.05583579504243495,0
0.9304034568027089,0.8192966202292246,0
0.3746462196168352,0.3259471509374816,0
0.05637309600274599,0.09179481877837198,0
0.9415911263318747,0.8406933229673638,0
0.3179579742064362,0.29401956182485056,0
0.8771296488171473,0.7136464616953276,0
0.7848718355744189,0.7070074566192831,0
0.7806858927719152,0.6793111970722626,0
0.48882935315483567,0.41905142888003427,0
0.9992238316910134,0.8771126793803057,0
0.40040195384981553,0.35328278683956993,0
0.2948617680015671,0.3338958863025407,0
0.9613737922366654,0.8329979899915523,0
0.09184472274984275,0.14020310306479464,0
0.014508159640955032,0.03712783568163285,0
0.40840751433670863,0.373288691039923,0
0.35974070877732467,0.30100441625054614,0
0.9697655014181719,0.7770868352001944,0
0.8207328365536222,0.7168950675813144,0
0.1816520628724989,0.15259005769568912,0
0.2881146484309311,0.22710055407571084,0
0.7720675734883969,0.678279446337512,0
0.37690157294925486,0.33634060193464055,0
0.17303949958702144,0.18445973722676792,0
0.06170775120881966,0.10485360996859999,0
0.45597488050177903,0.4373481473598929,0
0.14697295758287243,0.18129602993621058,0
0.44601307362351694,0.38643642172700304,0
0.6988415455446949,0.5622446713331433,0
0.8248625984442944,0.6738867408787661,0
0.9771433634686659,0.8628759760438857,0
0.7499116223610989,0.670880518431013,0
0.8064123452355699,0.6561036008089345,0
0.18540797475106127,0.2083794923794023,0
0.6105070708446851,0.500355711258028,0
0.19791894075385194,0.2289418630110288,0
0.7643044007327402,0.6687324733491659,0
0.02613646297850867,0.022054059280719095,0
0.6395994248335163,0.5471398692198968,0
0.11881732054468894,0.1789078288594202,0
0.6195277654469676,0.5137914441464728,0
0.8078516112829033,0.7046077374705142,0
0.0026905178949169235,0.10028951400551775,0
0.5678156611887063,0.5265474213543752,0
0.2881828769774063,0.310315604092643,0
0.6747075112391151,0.6282845574771033,0
0.7352199956898952,0.6098941311871902,0
0.11317485095278751,0.10139370492853056,0
0.16049038768215948,0.13998299108720857,0
0.1509942390559023,0.13688790879269075,0
0.08801212689875608,0.15639537883332197,0
0.20896085572555473,0.21504013435454863,0
0.7152226582446506,0.6001281574053026,0
0.3836606241731659,0.35761992217635324,0
0.8559917981022859,0.7218371093075837,0
0.28083553117132937,0.2952233975024675,0
0.02250293347779476,0.07777374154161329,0
0.27705467525611915,0.2410402100467696,0
0.386262949747585,0.402790298392477,0
0.7204870934377953,0.6546686317355407,0
0.8924710908742843,0.7776251334025053,0
0.16415860776187507,0.17433693214353074,0
0.0019388773761074506,0.08849025258165155,0
0.9724249991106453,0.7884241389350845,0
0.13379381278488234,0.19446522593846138,0
0.0,0.0,0
0.22799075105768724,0.17723294971891146,0
0.7391600261180106,0.5846141069692402,0
0.778410459817426,0.6431914844619969,0
0.450521075253776,0.40747209131422407,0
0.2338569215271114,0.22834367495718902,0
0.6203087844255354,0.5491314999664945,0
0.0024367780370510186,0.03934989332927304,0
0.9224462055779936,0.8169955563152295,0
0.681997613906625,0.5565052697620847,0
0.4561248049714696,0.4444535353465407,0
0.3671019981644302,0.3463054417328661,0
0.42511978415574986,0.4343588086251213,0
0.882801237187093,0.7390950907759849,0
0.2724412369202355,0.31153943919550137,0
0.9569125393533806,0.769002491131055,0
0.08993320953977546,0.15494908707714639,0
0.6357776591250932,0.577055554290889,0
0.0471331206607786,0.050223251242065454,0
0.1860729548525465,0.1903837728363994,0
0.5957393146411283,0.5477547541876135,0
0.7059487929215548,0.6512830517437894,0
0.5303287957131061,0.4800647995101225,0
0.44920541541273334,0.41278786606984935,0
0.7124478637458238,0.646543580844708,0
0.6032418574867234,0.5233053407301316,0
0.25780620375698876,0.25023151627115947,0
0.3480144460588607,0.2867717051001899,0
0.2507234544251486,0.21231086454546472,0
0.007466185236841269,0.10093569799668359,0
0.6596129288891084,0.6258822763649873,0
0.49534506736429146,0.48426353990338983,0
0.09245382319745256,0.16533915146582548,0
0.7065236551667323,0.5699099316695233,0
0.3758523720494274,0.34148890428078177,0
0.8988688511097642,0.7946762421240533,0
0.9871379548469217,0.836261774119228,0
0.9946528786557343,0.7924652208760596,0
0.6480049328677058,0.5395850752052878,0
0.9753744660564851,0.7971510072845764,0
0.20413329767815044,0.1719652124260029,0
0.01705397971016693,0.026939271636632407,0
0.29420689002525474,0.2835307349720271,0
0.48089082580037246,0.40005977842363416,0
0.1548085297791411,0.18441109115477636,0
0.0220915674810884,0.0418503199071357,0
0.7833869227405901,0.7196517199412761,0
0.4675081231499794,0.39499268691849976,0
0.49983554345622627,0.45484015730005095,0
0.1772618931487161,0.21424146833145116,0
0.4670724569432185,0.3977651976301299,0
0.14552536961463253,0.14420524380665253,0
0.35147518979303943,0.3172204315526437,0
0.72319866013786,0.6229849805751433,0
0.5320284699861989,0.45543002772993907,0
0.5043915539155012,0.4307539638489742,0
0.055411603843450064,0.05036278222854903,0
0.8129144545639068,0.7094376562924677,0
0.6033287618663513,0.5387791858320023,0
0.5391407461643453,0.44353277126239793,0
0.6614319105382322,0.601471821750259,0
0.9689516506200646,0.8019587927219463,0
0.7118516534535548,0.5790320582390924,0
0.6205166523441761,0.5486907584922713,0
0.3775829701155243,0.31410065193909337,0
0.8198676104728916,0.7097428712899121,0
0.8226837650022579,0.7255415582636665,0
0.49835317276019336,0.45712279047747906,0
0.6149624686920147,0.5571627463069123,0
0.5565432646403228,0.49194561702750395,0
0.13991911209475888,0.17367935640734464,0
0.4288462029125336,0.3679156076223859,0
0.9256555071302904,0.7698794267133117,0
0.31949504531786754,0.27767993650532785,0
0.596044967952658,0.5499606650765131,0
0.7468581754954589,0.6341832774827468,0
0.9923661073912642,0.8752185678417754,0
0.37085603540180223,0.35370815599930977,0
0.2256817375693463,0.18945442875242968,0
0.7387789063121655,0.656328948005186,0
0.5185916153359567,0.4603645433235927,0
0.8631831855708441,0.7253594702042376,0
0.8600999956878923,0.7576803616112098,0
0.22937703949827576,0.23870474053584814,0
0.9348030302545812,0.767172870114685,0
0.19347054236473304,0.16118710867061292,0
0.5321472043931229,0.4588564786580122,0
0.28660255413186386,0.3178797305698499,0
0.7483705247434554,0.618304587886688,0
0.6698223754044296,0.536447766083211,0
0.7511210732709445,0.6630604822224648,0
0.18052678097142752,0.2010426338697553,0
0.6134827433226684,0.5561167041897757,0
0.05406660872607252,0.1061807687753304,0
0.09794201130070644,0.0764571116036068,0
0.7516432179325682,0.6439590850841393,0
0.8086984319958211,0.6551261394099875,0
0.7638008167639009,0.650670091285313,0
0.2719272346350839,0.25387167026076146,0
0.8955442506484599,0.7977917481693646,0
0.9219539507969353,0.8203534707169001,0
0.696800931033513,0.5556758670997346,0
0.3208716100680059,0.2821156279518906,0
0.6787420519091383,0.616229340247238,0
0.020329941594791682,0.049331036049318204,0
0.6562588104867983,0.5648835394157115,0
0.9878222523814425,0.8637774870581115,0
0.12927946127462742,0.16931709713187335,0
0.19161174230052994,0.20942102309058147,0
0.9648924707312198,0.771963690435297,0
0.8522139870953875,0.7001481313741037,0
0.6069773198752766,0.5791597996395498,0
0.22801082998072197,0.18022803425793582,0
0.3151724491980383,0.26541061993168563,0
0.04091447033967025,0.12183600107833875,0
0.39549201244030824,0.36530858723978177,0
0.12903136897085804,0.15238070927060038,0
0.5030139763666861,0.4385728749769934,0
0.48579894159964687,0.38273154530476455,0
0.6842422223464089,0.5846658227578311,0
0.4089859713984358,0.3715436399355236,0
0.1506210025318154,0.1882328129760686,0
0.7785225372395718,0.6896077041290226,0
0.28389348267192105,0.22051254040745497,0
0.34353206273683007,0.31204269508883237,0
0.7775473752450445,0.6421837152582442,0
0.9505434558158812,0.8431778711874066,0
0.27747811283864565,0.30682017600297856,0
0.710628077955402,0.6514373701646208,0
0.7501656832248815,0.6095645694077273,0
0.6605869825244107,0.626533980576741,0
0.19535036657749852,0.16625384379411218,0
0.73024189222318,0.6819642810754982,0
0.15127416863635895,0.15421206028832174,0
0.9400480351386126,0.8192475559716597,0
0.6948426202317068,0.6010500924716888,0
0.3153235033067651,0.3432104126334985,0
0.7341105201880579,0.6214880773091764,0
0.12615426440472755,0.12313397806606063,0
0.7587159729182845,0.636852423955189,0
0.3419985213562339,0.3339263451183241,0
0.051920427051714194,0.03904048151354808,0
0.6616701439785786,0.5869940780779647,0
0.6039519274973022,0.5612400881956038,0
0.27196692534954015,0.2964833469035468,0
0.2374068408262176,0.2687713082675937,0
0.5430153435292256,0.531446786373088,0
0.6342871633571621,0.5341819822792059,0
0.4399641856728679,0.3901188690331606,0
0.7518170996771092,0.639309387871899,0
0.04490279844082446,0.09191303122895961,0
0.6620279525386961,0.620978109981409,0
0.4688687590396815,0.4269687973373015,0
0.07081651817000849,0.1488149458986118,0
0.0651978681562291,0.13533107167632122,0
0.8547455147036331,0.6896536925202618,0
0.9049299571920667,0.8212235771582526,0
0.7928787581059267,0.7203489445049387,0
0.6345284551815656,0.5157903871177414,0
0.19815144846465188,0.24649898611239782,0
0.4331279426815128,0.3697893968001567,0
0.0026915585807321327,0.058458884274075466,0
0.8967329395267882,0.7774653865230141,0
0.32984640296267637,0.34834552923986006,0
0.02693176743693016,0.06951232373556021,0
0.8277339652115375,0.71507491783872,0
0.18674827041027173,0.1846275011941482,0
0.0057357267314180945,0.09215748668339399,0
0.8377554758233124,0.6797193435456554,0
0.6501714079971367,0.57569360346674,0
0.7204207920290919,0.6588441661855838,0
0.35222309167458754,0.287626091169033,0
0.051619337869732496,0.10322873552727779,0
0.7135046646425196,0.6369057234498208,0
0.129415653119781,0.16412268673553995,0
0.8785360698586517,0.7210595402357352,0
0.3241150004907039,0.27762294401020315,0
0.4704669825315753,0.41992290186918335,0
0.604967019664067,0.5682978877000497,0
0.9932510555391332,0.8771372751349578,0
0.7016014432921871,0.5967846107914317,0
0.3940051006858196,0.35425498585419685,0
0.189853399451251,0.18101497265843847,0
0.7352501777905153,0.5908632376364364,0
0.3387277908848239,0.2695404050742449,0
0.8968813628534434,0.7170371977167062,0
0.9471919296934416,0.842441405199062,0
0.2777542011854356,0.3547018078738146,1
0.8571422770428143,0.873551511049465,1
0.993694554352726,0.9448602518584714,1
0.5075888633648243,0.5555911394399324,1
0.13204807480553804,0.2464604250531187,1
0.21333022822058342,0.35546395792540075,1
0.09148729938525263,0.21789130892375635,1
0.8263075289573286,0.851296010009896,1
0.7555110729456878,0.7039300600318703,1
0.7966890240684742,0.7794177223510361,1
0.0016133551650524929,0.10914065259856932,1
0.14093144602464455,0.2781396058471177,1
0.11746958965262476,0.24790618973781647,1
0.4467051971467614,0.4860250229606859,1
0.002054831492403835,0.11947026195241874,1
0.14397599489526822,0.3049063113773046,1
0.7958651427270722,0.8243146556152774,1
0.31141691254428094,0.45332271917414424,1
0.7887739306057039,0.7935918304144757,1
0.790056768176756,0.8244419665842877,1
0.5474347750515413,0.606719394135782,1
0.19366071606321414,0.3328593185335822,1
0.4064254246332582,0.49526567793202636,1
0.12840445531936764,0.2622042223602446,1
0.0872981139256872,0.26415071523812844,1
0.2687402620051762,0.40538476405842133,1
0.19756105976889543,0.27192718890666323,1
0.4121468237869578,0.5296465367633221,1
0.451387736293607,0.5158998372010652,1
0.5281827097953491,0.6042430295339718,1
0.16746559121547092,0.2466748734574632,1
0.258068550139456,0.39008869430204385,1
0.6204640647457377,0.6682078992974101,1
0.04954621767478668,0.17033765215961044,1
0.2549442023317305,0.4005330083895825,1
0.5279922043762462,0.539441364135204,1
0.32521374362780897,0.4635378091285219,1
0.8571194595814698,0.8844448974123226,1
0.18404073088143214,0.2994490281961101,1
0.29332758108272516,0.4134959937444225,1
0.7558917484602208,0.7729733225873895,1
0.9754300788308732,0.9752109925516211,1
0.6639723838843455,0.6834229411822608,1
0.23985875037464316,0.37244498865680187,1
0.7364066276220916,0.789773508817213,1
1.0,1.0,1
0.3489880229299732,0.4641482065834307,1
0.7529811313825927,0.754295411092918,1
0.9747384057982467,0.9604021953852521,1
0.9965287410700514,0.9574795371681223,1
0.7183791857287617,0.7586829611932966,1
0.07149992686761729,0.15998313847753312,1
0.48390488017066385,0.5094980368987719,1
0.013897629838212432,0.1618492132996185,1
0.9068966630086308,0.8996469301489748,1
0.5981461802909538,0.5975755424927022,1
0.9420742635746192,0.9149342019494168,1
0.3849921879752069,0.4166654216965253,1
0.5615626362970105,0.5988498612494085,1
0.7080348787173849,0.7335866937925427,1
0.7854809514758622,0.7811682602781767,1
0.7060798778872359,0.74509919960948,1
0.8464225059447256,0.8771613450690827,1
0.8507710290025591,0.8516052457357403,1
0.9315090079509345,0.9111772194115535,1
0.7773591500924109,0.7998767751415001,1
0.4675991937001035,0.534220432616058,1
0.3943532119244736,0.4713887199808509,1
0.376013722453419,0.44666769058700595,1
0.22833034221831702,0.3114871722326202,1
0.5835222039640406,0.5897343905680281,1
0.1014714817258849,0.2039783059687867,1
0.44667826666892896,0.5017213741440476,1
0.696635156894816,0.7191237087548853,1
0.34397788463456475,0.4416321232313413,1
0.09326450856308457,0.19219659742703776,1
0.4031485607477483,0.49428453032266373,1
0.8580940952679521,0.8466828851819153,1
0.599616489278637,0.6719364622483778,1
0.8593739050229988,0.8723931316460772,1
0.0341243158280238,0.18359631134475593,1
0.9147955335769328,0.9122964870954551,1
0.5772943916353537,0.5839894345293568,1
0.7617982118620348,0.7943345994489881,1
0.5759653792183546,0.5623511255486191,1
0.20059854650243908,0.2977677342762415,1
0.3078656960200521,0.44309491896500325,1
0.3693533902629003,0.48353253871093194,1
0.3537351085086167,0.39272893144339455,1
0.16662870527234963,0.3093994425530074,1
0.016578519593757658,0.14994422715978933,1
0.265044518671465,0.33869908872938886,1
0.3969875971008865,0.48737852766825124,1
0.713860949782225,0.7207945803959106,1
0.5683159139870593,0.5795597481965069,1
0.21650778842601798,0.32651931207305457,1
0.5418427723721371,0.6111691861639331,1
0.7743638360422467,0.7299341346167101,1
0.1810984902798058,0.3379564310530391,1
0.3193743389223222,0.37474210998578583,1
0.20413237533013892,0.334626019251477,1
0.6565012335945761,0.6260328525626477,1
0.9263797915669358,0.9386701617834153,1
0.2178832701235198,0.33925876073407196,1
0.07795015534644574,0.24204934090880792,1
0.7926423288930502,0.8352009907472023,1
0.32207087877628576,0.3691649068893608,1
0.30254998641363195,0.40705293411411597,1
0.6697348967549038,0.650510472451407,1
0.45498193348035454,0.5078044366401827,1
0.8157520846639338,0.788754137707252,1
0.07255255433417708,0.21357631072113328,1
0.42848479985337634,0.4569577518857773,1
0.02223200293394928,0.17159748294986776,1
0.9376652785904037,0.9533253634216436,1
0.6265249905615162,0.616235886056258,1
0.3629550469270752,0.45659435050648406,1
0.07980475388545448,0.24280746558907418,1
0.7958520093924747,0.7615851643306789,1
0.6570064551656138,0.7127278974005077,1
0.12140245573781194,0.23424773220798165,1
0.903651870161323,0.8429067460989028,1
0.5232726873226916,0.5986720932748194,1
0.1193484623351325,0.2697431291723163,1
0.48212024481025223,0.4912265921508673,1
0.7729450117505768,0.805198334337465,1
0.7466916428053001,0.6981339613011532,1
0.6818275601615922,0.7162697998104718,1
0.45396406252274046,0.4855667908836787,1
0.10970200343982363,0.23712795676673407,1
0.3134110790942065,0.3798460893916005,1
0.08998262843189975,0.21970270720583232,1
0.0862541083409966,0.19166082326428824,1
0.14496712023852,0.27004684241483373,1
0.08874821065556085,0.1910030777958878,1
0.21725035295177328,0.37223908662742583,1
0.7303040545053827,0.71560359592257,1
0.5586261721726394,0.5898241149777225,1
0.18222955089400916,0.30200531555210086,1
0.9031522717660436,0.9060570317703357,1
0.9461114657225383,0.8767546581162585,1
0.685736400877103,0.6833062683011101,1
0.6356829382479836,0.6498885278037843,1
0.5472273697328787,0.6155460688761744,1
0.04931285428815606,0.14631193444119986,1
0.8383962684355263,0.8184364340985723,1
0.09536540315594318,0.21412729399997263,1
0.2415190274850681,0.38538577205211666,1
0.16492835592946298,0.24837310621581765,1
0.722387611634579,0.736273649575591,1
0.012760965063166322,0.20295437285081627,1
0.5788489542496713,0.6469872305095689,1
0.17812494326234252,0.3140490150940406,1
0.724942162873219,0.7290161779098938,1
0.17319688851885082,0.2938843793442975,1
0.6652758919285547,0.6558499745246169,1
0.6941383733761415,0.6590309489771606,1
0.057060292613179756,0.15007557929340914,1
0.3350796254181972,0.3799003407917972,1
0.7257693232275657,0.7539798309743384,1
0.5207556209565745,0.5802270608356578,1
0.02320872889467705,0.168108335293122,1
0.3960201138772774,0.4650946059724831,1
0.5651933837239049,0.6276206132023794,1
0.23822321068635982,0.36047507699563736,1
0.6466492781431218,0.6885621224198548,1
0.9474891166655489,0.9226442846265196,1
0.47620287894189905,0.5734817948915535,1
0.3397348501501604,0.43480952225502195,1
0.7066086266117851,0.683509303818884,1
0.8961361168543757,0.9144443150165399,1
0.57892966584602,0.5952955450330812,1
0.8218015721811733,0.763338279293479,1
0.14397186092021702,0.24956426750787913,1
0.22900690303243043,0.3521336758874921,1
0.9047657893211808,0.8638964573406925,1
0.7917410876718349,0.7952015600286413,1
0.9217124382715784,0.8556411938870745,1
0.4592564941516585,0.4740222017575669,1
0.549012232973122,0.6101417195462299,1
0.7432118872971529,0.7957109651824062,1
0.737901705922028,0.7241321484754373,1
0.8404793787474277,0.7871291729461641,1
0.6700353334726243,0.7014135904693249,1
0.5076379243962869,0.5996527324880769,1
0.27527805444026904,0.35200911766715903,1
0.8813563457272369,0.8723454410827923,1
0.4204669458934937,0.5335833006288337,1
0.4383461951365994,0.5228363353298451,1
0.34322593277483593,0.4549075699859193,1
0.9401838059543712,0.8701481044688048,1
0.566061936221429,0.652218622159676,1
0.04012102111980657,0.2082754795188651,1
0.5167796594734773,0.5949574552980983,1
0.2653397649268829,0.3914056606064053,1
0.884642491626873,0.8295686365221434,1
0.1135219664757272,0.21425941542065258,1
0.16192842116967604,0.2857100815057725,1
0.21506274055383262,0.36396831089293485,1
0.502820024630821,0.5786979367068511,1
0.13494891761177188,0.21052859833376836,1
0.3966938239783025,0.5120690666440711,1
0.030266073433354346,0.15862276658020694,1
0.0934296463223645,0.2186291826558312,1
0.07157367225638592,0.20362239088158923,1
0.4249959293673876,0.4866801352471704,1
0.14216059319706575,0.24930259894475967,1
0.5803220257951323,0.6550237026205027,1
0.9957095364686607,0.9524724903455001,1
0.1883305999034879,0.27588003952089113,1
0.5693200740332988,0.5676281863339928,1
0.9079104005156411,0.9049046180126855,1
0.8960143311706488,0.8465424428577504,1
0.6908491122839049,0.7492137029634548,1
0.8481718243679031,0.8155252453598081,1
0.008713410022615704,0.16745701961242285,1
0.8086191559217142,0.7543674338068258,1
0.1796469801228864,0.29954090173623094,1
0.6468544074872776,0.7055322614626603,1
0.19129183136700406,0.3112906379673518,1
0.9115766509145536,0.8806723795979488,1
0.20789414805728096,0.36655962039673706,1
0.6955124572779101,0.7453621382452121,1
0.23304900472950066,0.3099085097351708,1
0.6200978417512228,0.694370773437642,1
0.046354427147744265,0.17562883183306802,1
0.9244015085097163,0.8727184928387642,1
0.3421679359927316,0.4494677052332909,1
0.25575396459982647,0.3691514836297771,1
0.7756442634727766,0.7272221133472787,1
0.17495912997611296,0.32303493332286,1
0.06294135042371653,0.2449847786358535,1
0.5039350942605877,0.5506145421589974,1
0.590839636187841,0.6413316293198572,1
0.3833698064458453,0.44687112804408713,1
0.9677753036841324,0.8938607793960522,1
0.7682617479357384,0.7434877394657127,1
0.831207377614341,0.7930866918492175,1
0.2843647354809245,0.38304274578515524,1
0.6997773337240449,0.7125889184816455,1
0.9469415247763665,0.906426522999754,1
0.6292288811889359,0.6457176223605113,1
0.5580263117975123,0.557574373329498,1
0.48241480518002117,0.5615404051024404,1
0.005048890170185571,0.17194709773401554,1
0.26090932027235003,0.39841465399732917,1
0.6922608296683537,0.7462542299500073,1
0.9704953808623922,0.9213703544007704,1
0.3464808422499684,0.3793182269808987,1
0.07476886339232945,0.23852584382145986,1
0.3250123613923849,0.4447520314750681,1
0.45527393023660295,0.486229917838384,1
0.756867690466028,0.7212600415631438,1
0.7295877185970474,0.7347186694053432,1
0.8084782905114896,0.7459031630420294,1
0.21550349134493868,0.365806530628419,1
0.46464346723957833,0.5562333328284526,1
0.6134328926372559,0.6277116364699583,1
0.3032631416944239,0.4429721631753387,1
0.41262645692037414,0.5211616018182363,1
0.7927461584576407,0.7755881370543094,1
0.27319345064356504,0.35254232491448484,1
0.7574796401915322,0.7729677489928434,1
0.45497963087473287,0.5083880420020416,1
0.3833569774965129,0.4565937349694924,1
0.3357605355149199,0.419566102282998,1
0.9556566857781773,0.9245494504970609,1
0.95807703879608,0.891920269268764,1
0.8784244861961374,0.8120730090782644,1
0.3658095644378068,0.4708741867933315,1
0.7043118665713574,0.7530909586077086,1
0.2544691166067594,0.3631733792444401,1
0.6612054020686285,0.6585250223814963,1
0.4265794733821405,0.45593533658800545,1
0.06934704945751637,0.1919292718013745,1
0.8938490730081017,0.8497393980895627,1
0.03962450196571274,0.18536998775198887,1
0.10404968219290188,0.25112339801466393,1
0.8852865831090799,0.8574496538190356,1
0.378286069262788,0.4209690124017199,1
0.5159471779269215,0.540730879776327,1
0.6865537881994086,0.6543529582153956,1
0.6090791103994473,0.6080827628540578,1
0.1865631362998338,0.2594830633207228,1
0.3995643254203173,0.5007965995446343,1
0.4859511373978882,0.5315808701541687,1
0.2631789012055231,0.40180176572499016,1
0.5847482563726969,0.5950389444626804,1
0.03466902031298801,0.1967709288936298,1
0.12326971621515552,0.30227324153256097,1
0.2503809837899531,0.32757686894998994,1
0.01150413015681389,0.12014097402504943,1
0.9314097849038916,0.8771442928077472,1
0.3810878436022226,0.45905783672953326,1
0.6013246748370904,0.6088827330519212,1
0.6175778306612817,0.6146892861983755,1
0.9783697648641242,0.8817426974226243,1
0.8265130530628475,0.7807104270300165,1
0.437074076679606,0.5315598461954637,1
0.21435485250290057,0.3379475759853417,1
0.49311049625345793,0.5499032219587198,1
0.5447256222475744,0.5692372316511526,1
0.4531570074585152,0.5480746957095709,1
0.8007155856390489,0.7494125062469529,1
0.88908489045956,0.8283721961892204,1
0.5692954921023073,0.5700925577781631,1
0.20757962133842986,0.32793313014809383,1
0.9246426769442736,0.8499112576208376,1
0.20470358054741808,0.2742140000845834,1
0.21016714582551071,0.34545596853455873,1
0.7813384525998881,0.7348559098140889,1
0.2511747961316561,0.3717992272468725,1
0.2922825029674209,0.38353528721221736,1
0.9450250504705334,0.9140869220495077,1
0.8780879333386632,0.8941692508852539,1
0.4421482791717516,0.46769579354012986,1
0.9972335631108117,0.92181973924888,1
0.47167438033088493,0.496108800886537,1
0.750930687948949,0.7137638231463347,1
0.6757109557427772,0.703435130019864,1
0.7021454255011937,0.705879182896694,1
0.9656895816480197,0.9054884953443438,1
0.7560093627360002,0.7660126660661274,1
0.8863460655504108,0.8566080716236095,1
0.5817643084212926,0.6049230082403982,1
0.27022879137927297,0.3230089640486413,1
0.9937659018168538,0.9380289016065703,1
0.7631150863356285,0.7754342336495341,1
0.11834231206469956,0.28154960421724495,1
0.44934420482789184,0.4836048727597674,1
0.19261281408748376,0.3107075696866575,1
0.3521806356613591,0.4801386377365316,1
0.6116195772017098,0.6431971075009069,1
0.9976659125643985,0.9897065164763714,1
0.26448624120340347,0.3172787938484004,1
0.6026438644875611,0.619572414447463,1
0.19767909121291838,0.30751751216098766,1
0.5501157429272616,0.6044275641134428,1
0.3292269168795886,0.4604064119699459,1
0.9300087839671047,0.8838583489742823,1
0.4716806441760415,0.5392555834024606,1
0.3546403931877626,0.38422542393494413,1
0.021347686168170746,0.1504337604111924,1
0.6081465664407676,0.6561894309130115,1
0.8396148469420732,0.8616723491284866,1
0.9877285926048154,0.9233780545475203,1
0.4863594614256778,0.5414282376000343,1
0.2205735132530797,0.36385383826928214,1
0.07071062764401718,0.2464071151154083,1
0.9575733812192867,0.8947337670773418,1
0.5491139528612033,0.5448631364062728,1
0.6244399902126307,0.664186042804543,1
0.6082091133204018,0.6807333839128489,1
0.5930154981507123,0.6732851696805096,1
0.5418891091311507,0.6282126865247828,1
0.4124385329704442,0.44554056255480257,1
0.7226987081101208,0.6812874285630572,1
0.9405722714686919,0.8901581337006564,1
0.804592112208595,0.7481264948610485,1
0.7989487630455335,0.8356267632748631,1
0.8477304540325055,0.8350159368066867,1
0.060520046021121085,0.205007755253142,1
0.46617904092065643,0.543238225492003,1
0.45719189829552664,0.5430065044702602,1
0.18326432774253915,0.3411577597869785,1
0.4847547030670632,0.5802083210515575,1
0.05765721416215647,0.19899109414415783,1
0.08466569033910018,0.2439684204890843,1
0.5852338676987823,0.5706114513846228,1
0.30677002548761173,0.4435490885982976,1
0.32743767653693945,0.3608061054112918,1
0.5204309977550419,0.5429077300582185,1
0.6683298849503251,0.6508915597816765,1
0.577854489745005,0.6147924473072296,1
0.4881019032472685,0.582422377249916,1
0.6959907600613132,0.753889402577102,1
0.07844076064532944,0.18686938795413963,1
0.14169116809290616,0.23624348631631376,1
0.9522508783744477,0.9187807029386816,1
0.1840777963920792,0.3398946974271836,1
0.9279261613739075,0.8752309834894624,1
0.5580715534728424,0.6176983282754336,1
0.2308960955717124,0.3638829280279913,1
0.3496894913504581,0.40998998419923705,1
0.6559273130168052,0.702377569055971,1
0.4126933141368954,0.4343771780847754,1
0.3905407459303457,0.47142795768782847,1
0.35122193006123414,0.44285626711327175,1
0.42514079271507876,0.5296576970327971,1
0.9516314753508486,0.8736592187638653,1
0.38362418724368613,0.4059137633585968,1
0.8058433566000037,0.7436015292098549,1
0.8739247104355012,0.8942718879360413,1
0.17873075559706914,0.270089241491593,1
0.8963565290782625,0.847235557222489,1
0.27230456965524913,0.37324492872471265,1
0.8980481668573853,0.9018263470104123,1
0.798203676478336,0.832383715529182,1
0.6223327095207926,0.6684366202061695,1
0.3753162844904153,0.4810913799871732,1
0.5132469230433614,0.5165486688799938,1
0.11195606913645113,0.23558213162719685,1
0.8484430352385396,0.7806185689424238,1
0.0717841544147021,0.23024551468662324,1
0.6739791218150962,0.7053591952215444,1
0.7744183259591132,0.7725864377025392,1
0.6469000499964535,0.6940726687731781,1
0.7347939253632331,0.7350040711336423,1
0.5208360046064656,0.5961910344110684,1
0.4397300454127665,0.4802208263051408,1
0.5081250185169267,0.5572336414986478,1
0.7391685469202504,0.7741962821308953,1
0.1703617704288574,0.32755381682511925,1
0.6880449775014456,0.6834148062564963,1
0.8203428975946604,0.8094572506480973,1
0.2800365465898824,0.37517766343223835,1
0.8925984264211557,0.8939958242040248,1
0.284430003139295,0.42643310296355696,1
0.3164436258865975,0.4515825477487679,1
0.644590647305946,0.6201544456419017,1
0.18710111783762867,0.27252808498779146,1
0.5152862115697677,0.5563911469355218,1
0.355813144504416,0.3973206761580004,1
0.5707259629622644,0.6292923954298446,1
0.9516822269241115,0.8674342820991817,1
0.2679077358052845,0.36221870560308284,1
0.9163693949756226,0.8870286788315105,1
0.9729669966104096,0.9600423593055888,1
0.2560321750069494,0.4007010625487798,1
0.7436321186666927,0.7826771334144592,1
0.013114083029063271,0.18231076084034453,1
0.8396872719292618,0.7968358569290226,1
0.8951043518505476,0.8761027244596329,1
0.9613653018195002,0.9467994782745753,1
0.3564953370714978,0.3926003606161638,1
0.3332731956413826,0.47073610603008353,1
0.412778226199594,0.502736982959832,1
0.4490053107617034,0.5398845800069746,1
0.32214643800795467,0.3872855814392842,1
0.822085919542352,0.8116853883786761,1
0.9591623501188868,0.9184336866511429,1
0.23054615593268357,0.305385393331445,1
0.12048068602154362,0.2324133697585715,1
0.5623284192315658,0.5770932763211748,1
0.3897717264114091,0.470278790223036,1
0.435105124941555,0.4525200385756471,1
0.2735849697692947,0.418068452832491,1
0.45061774691139544,0.502513286749638,1
0.6084390452855937,0.6417298946761903,1
0.56880918546367,0.5911545514705174,1
0.6273492587857099,0.6046953430175477,1
0.050713549541281586,0.21844558450050672,1
0.2500184103333556,0.3026818986248175,1
0.767406025857437,0.7384653527718973,1
0.36866223760380157,0.47248491708942464,1
0.3076973377018025,0.39342924554489184,1
0.6590043059745389,0.6995012558482633,1
0.6000606109188124,0.581971438477245,1
0.6902219944580792,0.7023744329853273,1
0.7184638335759501,0.7014315814506993,1
0.5551221188905419,0.5880294619392187,1
0.03853827228244499,0.1585276198181085,1
0.9591236727404133,0.9095769763287561,1
0.6025378484093215,0.6269653100135633,1
0.29584053659803994,0.3867384483833912,1
0.6896537779885796,0.6664126661417206,1
0.587476463812786,0.6686118638839904,1
0.18358944133160754,0.25159112184763527,1
0.8787853965590575,0.8782067130065565,1
0.18468089887501757,0.3522252940376278,1
0.20767186297621582,0.3426307034295461,1
0.9775034892477583,0.911381658590167,1
0.4293348723487754,0.5294146382867286,1
0.44968293306995716,0.49350897134871397,1
0.14427328718337418,0.26059545015805125,1
0.587937698173898,0.6026993830824069,1
0.1526709392580644,0.2897441032106953,1
0.5738778839926122,0.6271441337835343,1
0.2697873520724404,0.3962371243626448,1
0.6288840014559609,0.659617031451757,1
0.7847806052778913,0.7836748272150853,1
0.5282101968801216,0.573757423172827,1
0.27575421347342866,0.4189079046116108,1
0.2764425057498539,0.4189161990357227,1
0.6107416574718936,0.637469184056918,1
0.8348857562570551,0.8016608510873636,1
0.782172392765443,0.7735272857121661,1
0.6247749266095974,0.6324191871704515,1
0.41322530341451036,0.4713202220379941,1
0.00019366634568271992,0.10141265453682716,1
0.761067917844079,0.7796265274810376,1
0.9952828733323977,0.9268262256073787,1
0.9577459429508203,0.9177466089287752,1
0.21813680263722984,0.3554170891504027,1
0.3295633442625727,0.441131542857331,1
0.7153006963655775,0.7063798635354108,1
0.6090056648772506,0.6483584378931062,1
0.272091072957474,0.4198571278816814,1
0.07950367198728218,0.17826887224814947,1
0.2582082100423014,0.3128148593066012,1
